# wavelength(micron) (rp/rs)^2 std((rp/rs)^2)
1.25892541e+01 2.70276102e-02 1.53429157e-03
1.25458040e+01 2.72374888e-02 1.53429157e-03
1.25025039e+01 2.71477619e-02 1.53429157e-03
1.24593531e+01 2.72478677e-02 1.53429157e-03
1.24163514e+01 2.72929497e-02 1.53429157e-03
1.23734980e+01 2.69083420e-02 1.53429157e-03
1.23307925e+01 2.71724938e-02 1.53429157e-03
1.22882345e+01 2.70375516e-02 1.53429157e-03
1.22458233e+01 2.71164166e-02 1.53429157e-03
1.22035585e+01 2.70795685e-02 1.53429157e-03
1.21614395e+01 2.71450714e-02 1.53429157e-03
1.21194660e+01 2.72185418e-02 1.53429157e-03
1.20776373e+01 2.69263217e-02 1.53429157e-03
1.20359529e+01 2.71389890e-02 1.53429157e-03
1.19944125e+01 2.71652913e-02 1.53429157e-03
1.19530154e+01 2.73200422e-02 1.53429157e-03
1.19117611e+01 2.71008052e-02 1.53429157e-03
1.18706493e+01 2.68686879e-02 1.53429157e-03
1.18296793e+01 2.70495339e-02 1.53429157e-03
1.17888508e+01 2.72003636e-02 1.53429157e-03
1.17481632e+01 2.72520037e-02 1.53429157e-03
1.17076160e+01 2.69967275e-02 1.53429157e-03
1.16672087e+01 2.69844407e-02 1.53429157e-03
1.16269409e+01 2.69268124e-02 1.53429157e-03
1.15868121e+01 2.70669023e-02 1.53429157e-03
1.15468218e+01 2.70148869e-02 1.53429157e-03
1.15069695e+01 2.68116271e-02 1.53429157e-03
1.14672547e+01 2.71554147e-02 1.53429157e-03
1.14276770e+01 2.67055211e-02 1.53429157e-03
1.13882359e+01 2.68248170e-02 1.53429157e-03
1.13489310e+01 2.68543683e-02 1.53429157e-03
1.13097617e+01 2.70158653e-02 1.53429157e-03
1.12707276e+01 2.69565670e-02 1.53429157e-03
1.12318282e+01 2.69008313e-02 1.53429157e-03
1.11930630e+01 2.71228706e-02 1.53429157e-03
1.11544317e+01 2.70303261e-02 1.53429157e-03
1.11159337e+01 2.68582930e-02 1.53429157e-03
1.10775685e+01 2.69157243e-02 1.53429157e-03
1.10393358e+01 2.70696138e-02 1.53429157e-03
1.10012350e+01 2.71031530e-02 1.53429157e-03
1.09632657e+01 2.68383342e-02 1.53429157e-03
1.09254275e+01 2.68410926e-02 1.53429157e-03
1.08877198e+01 2.71547198e-02 1.53429157e-03
1.08501423e+01 2.67702983e-02 1.53429157e-03
1.08126945e+01 2.66446695e-02 1.53429157e-03
1.07753760e+01 2.70300197e-02 1.53429157e-03
1.07381862e+01 2.68746283e-02 1.53429157e-03
1.07011248e+01 2.68449333e-02 1.53429157e-03
1.06641913e+01 2.68858516e-02 1.53429157e-03
1.06273853e+01 2.71811691e-02 1.53429157e-03
1.05907063e+01 2.70994033e-02 1.53429157e-03
1.05541539e+01 2.70262977e-02 1.53429157e-03
1.05177277e+01 2.68607100e-02 1.53429157e-03
1.04814272e+01 2.70355973e-02 1.53429157e-03
1.04452519e+01 2.66757981e-02 1.53429157e-03
1.04092015e+01 2.71089100e-02 1.53429157e-03
1.03732756e+01 2.69186191e-02 1.53429157e-03
1.03374736e+01 2.67704978e-02 1.53429157e-03
1.03017952e+01 2.71861213e-02 1.53429157e-03
1.02662400e+01 2.69929112e-02 1.53429157e-03
1.02308074e+01 2.70527721e-02 1.53429157e-03
1.01954972e+01 2.68390367e-02 1.53429157e-03
1.01603088e+01 2.68258672e-02 1.53429157e-03
1.01252418e+01 2.70011781e-02 1.53429157e-03
1.00902959e+01 2.69672877e-02 1.53429157e-03
1.00554706e+01 2.70600119e-02 1.53429157e-03
1.00207655e+01 2.70897138e-02 1.53429157e-03
9.98618022e+00 2.71223518e-02 1.53429157e-03
9.95171426e+00 2.71672246e-02 1.53429157e-03
9.91736726e+00 2.70613884e-02 1.53429157e-03
9.88313880e+00 2.71923825e-02 1.53429157e-03
9.84902848e+00 2.71324822e-02 1.53429157e-03
9.81503589e+00 2.71326162e-02 1.53429157e-03
9.78116061e+00 2.73256514e-02 1.53429157e-03
9.74740226e+00 2.73115972e-02 1.53429157e-03
9.71376041e+00 2.74348378e-02 1.53429157e-03
9.68023467e+00 2.73199561e-02 1.53429157e-03
9.64682465e+00 2.74820248e-02 1.53429157e-03
9.61352993e+00 2.74963448e-02 1.53429157e-03
9.58035013e+00 2.73791144e-02 1.53429157e-03
9.54728484e+00 2.72863655e-02 1.53429157e-03
9.51433367e+00 2.75760771e-02 1.53429157e-03
9.48149623e+00 2.76036429e-02 1.53429157e-03
9.44877213e+00 2.77409436e-02 1.53429157e-03
9.41616096e+00 2.77682619e-02 1.53429157e-03
9.38366235e+00 2.75553719e-02 1.53429157e-03
9.35127591e+00 2.76623818e-02 1.53429157e-03
9.31900124e+00 2.76494994e-02 1.53429157e-03
9.28683796e+00 2.77843319e-02 1.53429157e-03
9.25478569e+00 2.77324287e-02 1.53429157e-03
9.22284404e+00 2.77215875e-02 1.53429157e-03
9.19101264e+00 2.78889860e-02 1.53429157e-03
9.15929110e+00 2.77993170e-02 1.53429157e-03
9.12767904e+00 2.78692858e-02 1.53429157e-03
9.09617608e+00 2.79357789e-02 1.53429157e-03
9.06478186e+00 2.80025521e-02 1.53429157e-03
9.03349598e+00 2.79519802e-02 1.53429157e-03
9.00231809e+00 2.80206544e-02 1.53429157e-03
8.97124780e+00 2.80843138e-02 1.53429157e-03
8.94028475e+00 2.81311278e-02 1.53429157e-03
8.90942856e+00 2.81350760e-02 1.53429157e-03
8.87867887e+00 2.81307851e-02 1.53429157e-03
8.84803530e+00 2.80965615e-02 1.53429157e-03
8.81749750e+00 2.83272526e-02 1.53429157e-03
8.78706510e+00 2.82056967e-02 1.53429157e-03
8.75673773e+00 2.83481489e-02 1.53429157e-03
8.72651503e+00 2.81850064e-02 1.53429157e-03
8.69639664e+00 2.83154770e-02 1.53429157e-03
8.66638219e+00 2.83145170e-02 1.53429157e-03
8.63647134e+00 2.83029807e-02 1.53429157e-03
8.60666373e+00 2.83327394e-02 1.53429157e-03
8.57695899e+00 2.84015023e-02 1.53429157e-03
8.54735677e+00 2.84470128e-02 1.53429157e-03
8.51785672e+00 2.83834557e-02 1.53429157e-03
8.48845848e+00 2.84339309e-02 1.53429157e-03
8.45916171e+00 2.84584517e-02 1.53429157e-03
8.42996605e+00 2.84261837e-02 1.53429157e-03
8.40087116e+00 2.84872553e-02 1.53429157e-03
8.37187669e+00 2.84511843e-02 1.53429157e-03
8.34298228e+00 2.85407714e-02 1.53429157e-03
8.31418760e+00 2.85175261e-02 1.53429157e-03
8.28549231e+00 2.85611495e-02 1.53429157e-03
8.25689604e+00 2.85370527e-02 1.53429157e-03
8.22839848e+00 2.85096326e-02 1.53429157e-03
8.19999927e+00 2.85738063e-02 1.53429157e-03
8.17169808e+00 2.85815090e-02 1.53429157e-03
8.14349456e+00 2.85215359e-02 1.53429157e-03
8.11538839e+00 2.85006145e-02 1.53429157e-03
8.08737922e+00 2.85590368e-02 1.53429157e-03
8.05946672e+00 2.85378245e-02 1.53429157e-03
8.03165056e+00 2.85401864e-02 1.53429157e-03
8.00393040e+00 2.85489641e-02 1.53429157e-03
7.97630591e+00 2.86314674e-02 1.53429157e-03
7.94877676e+00 2.85890685e-02 1.53429157e-03
7.92134263e+00 2.86310678e-02 1.53429157e-03
7.89400319e+00 2.86822319e-02 1.53429157e-03
7.86675810e+00 2.86926260e-02 1.53429157e-03
7.83960704e+00 2.86943014e-02 1.53429157e-03
7.81254969e+00 2.87277719e-02 1.53429157e-03
7.78558573e+00 2.87276328e-02 1.53429157e-03
7.75871483e+00 2.87194546e-02 1.53429157e-03
7.73193667e+00 2.87131844e-02 1.53429157e-03
7.70525093e+00 2.86640382e-02 1.53429157e-03
7.67865730e+00 2.85855444e-02 1.53429157e-03
7.65215545e+00 2.84915619e-02 1.53429157e-03
7.62574506e+00 2.84928585e-02 1.53429157e-03
7.59942583e+00 2.85619503e-02 1.53429157e-03
7.57319744e+00 2.85348759e-02 1.53429157e-03
7.54705957e+00 2.85442854e-02 1.53429157e-03
7.52101191e+00 2.85730759e-02 1.53429157e-03
7.49505415e+00 2.86265301e-02 1.53429157e-03
7.46918598e+00 2.86360266e-02 1.53429157e-03
7.44340709e+00 2.86273126e-02 1.53429157e-03
7.41771717e+00 2.86389525e-02 1.53429157e-03
7.39211592e+00 2.86388565e-02 1.53429157e-03
7.36660303e+00 2.86782329e-02 1.53429157e-03
7.34117819e+00 2.86750537e-02 1.53429157e-03
7.31584110e+00 2.86149041e-02 1.53429157e-03
7.29059146e+00 2.86076888e-02 1.53429157e-03
7.26542897e+00 2.86152433e-02 1.53429157e-03
7.24035332e+00 2.86151017e-02 1.53429157e-03
7.21536422e+00 2.85755530e-02 1.53429157e-03
7.19046136e+00 2.85235925e-02 1.53429157e-03
7.16564445e+00 2.85619742e-02 1.53429157e-03
7.14091319e+00 2.85393792e-02 1.53429157e-03
7.11626729e+00 2.85397400e-02 1.53429157e-03
7.09170646e+00 2.84366018e-02 1.53429157e-03
7.06723039e+00 2.84020322e-02 1.53429157e-03
7.04283879e+00 2.83259766e-02 1.53429157e-03
7.01853138e+00 2.83989101e-02 1.53429157e-03
6.99430787e+00 2.82640687e-02 1.53429157e-03
6.97016796e+00 2.82084601e-02 1.53429157e-03
6.94611136e+00 2.82907309e-02 1.53429157e-03
6.92213779e+00 2.83209315e-02 1.53429157e-03
6.89824697e+00 2.82531537e-02 1.53429157e-03
6.87443860e+00 2.83374886e-02 1.53429157e-03
6.85071240e+00 2.82065289e-02 1.53429157e-03
6.82706809e+00 2.82897905e-02 1.53429157e-03
6.80350538e+00 2.82821023e-02 1.53429157e-03
6.78002400e+00 2.83009495e-02 1.53429157e-03
6.75662366e+00 2.82728191e-02 1.53429157e-03
6.73330408e+00 2.80799750e-02 1.53429157e-03
6.71006499e+00 2.81225218e-02 1.53429157e-03
6.68690611e+00 2.82433599e-02 1.53429157e-03
6.66382715e+00 2.82886554e-02 1.53429157e-03
6.64082785e+00 2.82458387e-02 1.53429157e-03
6.61790793e+00 2.80891115e-02 1.53429157e-03
6.59506711e+00 2.82792913e-02 1.53429157e-03
6.57230512e+00 2.81429681e-02 1.53429157e-03
6.54962170e+00 2.81350127e-02 1.53429157e-03
6.52701656e+00 2.82167920e-02 1.53429157e-03
6.50448944e+00 2.81803296e-02 1.53429157e-03
6.48204007e+00 2.83092595e-02 1.53429157e-03
6.45966819e+00 2.81379767e-02 1.53429157e-03
6.43737351e+00 2.81927052e-02 1.53429157e-03
6.41515579e+00 2.81606930e-02 1.53429157e-03
6.39301474e+00 2.80730781e-02 1.53429157e-03
6.37095011e+00 2.79340319e-02 1.53429157e-03
6.34896163e+00 2.80570008e-02 1.53429157e-03
6.32704905e+00 2.79663987e-02 1.53429157e-03
6.30521209e+00 2.80259573e-02 1.53429157e-03
6.28345050e+00 2.79565587e-02 1.53429157e-03
6.26176402e+00 2.80525147e-02 1.53429157e-03
6.24015238e+00 2.79641245e-02 1.53429157e-03
6.21861534e+00 2.79474714e-02 1.53429157e-03
6.19715262e+00 2.79326336e-02 1.53429157e-03
6.17576399e+00 2.80430823e-02 1.53429157e-03
6.15444917e+00 2.81155396e-02 1.53429157e-03
6.13320792e+00 2.79418896e-02 1.53429157e-03
6.11203998e+00 2.80704742e-02 1.53429157e-03
6.09094509e+00 2.79695355e-02 1.53429157e-03
6.06992302e+00 2.79014254e-02 1.53429157e-03
6.04897350e+00 2.80513674e-02 1.53429157e-03
6.02809628e+00 2.80923577e-02 1.53429157e-03
6.00729112e+00 2.78584012e-02 1.53429157e-03
5.98655776e+00 2.80247471e-02 1.53429157e-03
5.96589596e+00 2.79909630e-02 1.53429157e-03
5.94530548e+00 2.80058919e-02 1.53429157e-03
5.92478606e+00 2.79092459e-02 1.53429157e-03
5.90433746e+00 2.79732297e-02 1.53429157e-03
5.88395943e+00 2.80796539e-02 1.53429157e-03
5.86365174e+00 2.80070559e-02 1.53429157e-03
5.84341413e+00 2.81742851e-02 1.53429157e-03
5.82324638e+00 2.81480894e-02 1.53429157e-03
5.80314823e+00 2.80461045e-02 1.53429157e-03
5.78311944e+00 2.80987826e-02 1.53429157e-03
5.76315978e+00 2.80282080e-02 1.53429157e-03
5.74326902e+00 2.78432589e-02 1.53429157e-03
5.72344690e+00 2.79701888e-02 1.53429157e-03
5.70369319e+00 2.79538640e-02 1.53429157e-03
5.68400766e+00 2.80417274e-02 1.53429157e-03
5.66439007e+00 2.79807848e-02 1.53429157e-03
5.64484020e+00 2.79832978e-02 1.53429157e-03
5.62535779e+00 2.79595328e-02 1.53429157e-03
5.60594263e+00 2.80214907e-02 1.53429157e-03
5.58659447e+00 2.81567382e-02 1.53429157e-03
5.56731309e+00 2.79412879e-02 1.53429157e-03
5.54809826e+00 2.80973550e-02 1.53429157e-03
5.52894975e+00 2.81544100e-02 1.53429157e-03
5.50986732e+00 2.80982154e-02 1.53429157e-03
5.49085076e+00 2.79433160e-02 1.53429157e-03
5.47189983e+00 2.80601143e-02 1.53429157e-03
5.45301430e+00 2.79751918e-02 1.53429157e-03
5.43419396e+00 2.79513228e-02 1.53429157e-03
5.41543857e+00 2.81188121e-02 1.53429157e-03
5.39674791e+00 2.80091528e-02 1.53429157e-03
5.37812176e+00 2.77737566e-02 1.53429157e-03
5.35955990e+00 2.81046311e-02 1.53429157e-03
5.34106210e+00 2.78985067e-02 1.53429157e-03
5.32262815e+00 2.78836978e-02 1.53429157e-03
5.30425781e+00 2.78493737e-02 1.53429157e-03
5.28595088e+00 2.80981536e-02 1.53429157e-03
5.26770713e+00 2.77725399e-02 1.53429157e-03
5.24952635e+00 2.78475742e-02 1.53429157e-03
5.23140832e+00 2.78910628e-02 1.53429157e-03
5.21335282e+00 2.78039428e-02 1.53429157e-03
5.19535963e+00 2.78409841e-02 1.53429157e-03
5.17742855e+00 2.77777963e-02 1.53429157e-03
5.15955935e+00 2.76049501e-02 1.53429157e-03
5.14175183e+00 2.78578517e-02 1.53429157e-03
5.12400576e+00 2.77419619e-02 1.53429157e-03
5.10632095e+00 2.78555749e-02 1.53429157e-03
5.08869717e+00 2.76024965e-02 1.53429157e-03
5.07113422e+00 2.76967651e-02 1.53429157e-03
5.05363188e+00 2.75955238e-02 1.53429157e-03
5.03618995e+00 2.75708278e-02 1.53429157e-03
5.01880822e+00 2.78198006e-02 1.53429157e-03
5.00148648e+00 2.75154941e-02 1.53429157e-03
4.98422452e+00 2.77328476e-02 1.53429157e-03
4.96702214e+00 2.75554000e-02 1.53429157e-03
4.94987914e+00 2.76546881e-02 1.53429157e-03
4.93279529e+00 2.75315279e-02 1.53429157e-03
4.91577042e+00 2.74768070e-02 1.53429157e-03
4.89880430e+00 2.76091947e-02 1.53429157e-03
4.88189673e+00 2.73771206e-02 1.53429157e-03
4.86504752e+00 2.75066272e-02 1.53429157e-03
4.84825647e+00 2.72217250e-02 1.53429157e-03
4.83152336e+00 2.75618918e-02 1.53429157e-03
4.81484801e+00 2.73982294e-02 1.53429157e-03
4.79823021e+00 2.71876788e-02 1.53429157e-03
4.78166977e+00 2.76122683e-02 1.53429157e-03
4.76516648e+00 2.75521655e-02 1.53429157e-03
4.74872015e+00 2.72660882e-02 1.53429157e-03
4.73233058e+00 2.75541354e-02 1.53429157e-03
4.71599758e+00 2.74820368e-02 1.53429157e-03
4.69972095e+00 2.73456144e-02 1.53429157e-03
4.68350050e+00 2.71881192e-02 1.53429157e-03
4.66733603e+00 2.74130353e-02 1.53429157e-03
4.65122734e+00 2.73575611e-02 1.53429157e-03
4.63517426e+00 2.73413814e-02 1.53429157e-03
4.61917658e+00 2.72560479e-02 1.53429157e-03
4.60323411e+00 2.72367924e-02 1.53429157e-03
4.58734667e+00 2.68830149e-02 1.53429157e-03
4.57151406e+00 2.72469502e-02 1.53429157e-03
4.55573610e+00 2.71018309e-02 1.53429157e-03
4.54001259e+00 2.70317344e-02 1.53429157e-03
4.52434335e+00 2.70639366e-02 1.53429157e-03
4.50872819e+00 2.71469658e-02 1.53429157e-03
4.49316692e+00 2.72218310e-02 1.53429157e-03
4.47765936e+00 2.71824082e-02 1.53429157e-03
4.46220532e+00 2.73304949e-02 1.53429157e-03
4.44680462e+00 2.74147059e-02 1.53429157e-03
4.43145707e+00 2.74358546e-02 1.53429157e-03
4.41616249e+00 2.73397153e-02 1.53429157e-03
4.40092070e+00 2.74553885e-02 1.53429157e-03
4.38573152e+00 2.73972600e-02 1.53429157e-03
4.37059476e+00 2.75113824e-02 1.53429157e-03
4.35551024e+00 2.72962593e-02 1.53429157e-03
4.34047778e+00 2.76386756e-02 1.53429157e-03
4.32549721e+00 2.72982967e-02 1.53429157e-03
4.31056834e+00 2.75562459e-02 1.53429157e-03
4.29569099e+00 2.75617522e-02 1.53429157e-03
4.28086499e+00 2.74944945e-02 1.53429157e-03
4.26609016e+00 2.74105709e-02 1.53429157e-03
4.25136633e+00 2.74064093e-02 1.53429157e-03
4.23669331e+00 2.74942124e-02 1.53429157e-03
4.22207093e+00 2.74786467e-02 1.53429157e-03
4.20749903e+00 2.73014106e-02 1.53429157e-03
4.19297741e+00 2.71443604e-02 1.53429157e-03
4.17850591e+00 2.72158063e-02 1.53429157e-03
4.16408436e+00 2.72779841e-02 1.53429157e-03
4.14971259e+00 2.71036133e-02 1.53429157e-03
4.13539041e+00 2.70738459e-02 1.53429157e-03
4.12111767e+00 2.71130013e-02 1.53429157e-03
4.10689419e+00 2.71609279e-02 1.53429157e-03
4.09271979e+00 2.71621159e-02 1.53429157e-03
4.07859432e+00 2.72033229e-02 1.53429157e-03
4.06451761e+00 2.71394547e-02 1.53429157e-03
4.05048947e+00 2.70823559e-02 1.53429157e-03
4.03650975e+00 2.70940053e-02 1.53429157e-03
4.02257828e+00 2.71901393e-02 1.53429157e-03
4.00869489e+00 2.71412387e-02 1.53429157e-03
3.99485942e+00 2.71760481e-02 1.53429157e-03
3.98107171e+00 2.72081871e-02 1.53429157e-03
3.96733157e+00 2.72178019e-02 1.53429157e-03
3.95363886e+00 2.72851366e-02 1.53429157e-03
3.93999341e+00 2.71944841e-02 1.53429157e-03
3.92639505e+00 2.72685791e-02 1.53429157e-03
3.91284363e+00 2.73248255e-02 1.53429157e-03
3.89933898e+00 2.73368500e-02 1.53429157e-03
3.88588093e+00 2.74612612e-02 1.53429157e-03
3.87246934e+00 2.73565153e-02 1.53429157e-03
3.85910403e+00 2.74134240e-02 1.53429157e-03
3.84578486e+00 2.74989093e-02 1.53429157e-03
3.83251165e+00 2.75396670e-02 1.53429157e-03
3.81928425e+00 2.75869915e-02 1.53429157e-03
3.80610251e+00 2.76156721e-02 1.53429157e-03
3.79296626e+00 2.76670083e-02 1.53429157e-03
3.77987534e+00 2.76931560e-02 1.53429157e-03
3.76682961e+00 2.77727740e-02 1.53429157e-03
3.75382891e+00 2.77744972e-02 1.53429157e-03
3.74087307e+00 2.78471966e-02 1.53429157e-03
3.72796195e+00 2.78795696e-02 1.53429157e-03
3.71509540e+00 2.79052993e-02 1.53429157e-03
3.70227324e+00 2.80378003e-02 1.53429157e-03
3.68949535e+00 2.80353051e-02 1.53429157e-03
3.67676155e+00 2.80989060e-02 1.53429157e-03
3.66407170e+00 2.81571511e-02 1.53429157e-03
3.65142565e+00 2.82252692e-02 1.53429157e-03
3.63882325e+00 2.82658194e-02 1.53429157e-03
3.62626434e+00 2.82984016e-02 1.53429157e-03
3.61374878e+00 2.83323597e-02 1.53429157e-03
3.60127641e+00 2.83732607e-02 1.53429157e-03
3.58884709e+00 2.84152229e-02 1.53429157e-03
3.57646067e+00 2.84539615e-02 1.53429157e-03
3.56411700e+00 2.84699898e-02 1.53429157e-03
3.55181593e+00 2.85229516e-02 1.53429157e-03
3.53955731e+00 2.85066932e-02 1.53429157e-03
3.52734101e+00 2.85161337e-02 1.53429157e-03
3.51516687e+00 2.85135169e-02 1.53429157e-03
3.50303474e+00 2.85089635e-02 1.53429157e-03
3.49094449e+00 2.85349390e-02 1.53429157e-03
3.47889596e+00 2.85622017e-02 1.53429157e-03
3.46688902e+00 2.85277813e-02 1.53429157e-03
3.45492352e+00 2.85613513e-02 1.53429157e-03
3.44299932e+00 2.85808347e-02 1.53429157e-03
3.43111627e+00 2.85926717e-02 1.53429157e-03
3.41927424e+00 2.85768210e-02 1.53429157e-03
3.40747307e+00 2.85503091e-02 1.53429157e-03
3.39571264e+00 2.85193626e-02 1.53429157e-03
3.38399279e+00 2.85407509e-02 1.53429157e-03
3.37231340e+00 2.86102099e-02 1.53429157e-03
3.36067431e+00 2.86953442e-02 1.53429157e-03
3.34907540e+00 2.87518525e-02 1.53429157e-03
3.33751652e+00 2.87641577e-02 1.53429157e-03
3.32599753e+00 2.87520616e-02 1.53429157e-03
3.31451829e+00 2.86829585e-02 1.53429157e-03
3.30307868e+00 2.85394932e-02 1.53429157e-03
3.29167855e+00 2.84753169e-02 1.53429157e-03
3.28031776e+00 2.85333295e-02 1.53429157e-03
3.26899619e+00 2.85252930e-02 1.53429157e-03
3.25771369e+00 2.85668311e-02 1.53429157e-03
3.24647013e+00 2.85682384e-02 1.53429157e-03
3.23526538e+00 2.86361491e-02 1.53429157e-03
3.22409929e+00 2.86079993e-02 1.53429157e-03
3.21297175e+00 2.86451814e-02 1.53429157e-03
3.20188261e+00 2.86730008e-02 1.53429157e-03
3.19083174e+00 2.86396407e-02 1.53429157e-03
3.17981902e+00 2.86701496e-02 1.53429157e-03
3.16884430e+00 2.86355736e-02 1.53429157e-03
3.15790746e+00 2.86459546e-02 1.53429157e-03
3.14700837e+00 2.86210099e-02 1.53429157e-03
3.13614689e+00 2.86273627e-02 1.53429157e-03
3.12532291e+00 2.85915347e-02 1.53429157e-03
3.11453627e+00 2.85661127e-02 1.53429157e-03
3.10378687e+00 2.84956726e-02 1.53429157e-03
3.09307457e+00 2.85170051e-02 1.53429157e-03
3.08239924e+00 2.84191354e-02 1.53429157e-03
3.07176075e+00 2.84076162e-02 1.53429157e-03
3.06115899e+00 2.83771770e-02 1.53429157e-03
3.05059381e+00 2.83727635e-02 1.53429157e-03
3.04006509e+00 2.83016664e-02 1.53429157e-03
3.02957272e+00 2.82949361e-02 1.53429157e-03
3.01911656e+00 2.82262442e-02 1.53429157e-03
3.00869648e+00 2.83490108e-02 1.53429157e-03
2.99831237e+00 2.80233570e-02 1.53429157e-03
2.98796410e+00 2.82566824e-02 1.53429157e-03
2.97765155e+00 2.80766367e-02 1.53429157e-03
2.96737458e+00 2.81864457e-02 1.53429157e-03
2.95713309e+00 2.80470543e-02 1.53429157e-03
2.94692694e+00 2.81931385e-02 1.53429157e-03
2.93675602e+00 2.81004531e-02 1.53429157e-03
2.92662020e+00 2.80986568e-02 1.53429157e-03
2.91651937e+00 2.80799879e-02 1.53429157e-03
2.90645339e+00 2.81868873e-02 1.53429157e-03
2.89642216e+00 2.80496018e-02 1.53429157e-03
2.88642555e+00 2.79000964e-02 1.53429157e-03
2.87646344e+00 2.78545330e-02 1.53429157e-03
2.86653572e+00 2.79459284e-02 1.53429157e-03
2.85664225e+00 2.80147219e-02 1.53429157e-03
2.84678294e+00 2.81599635e-02 1.53429157e-03
2.83695765e+00 2.80247723e-02 1.53429157e-03
2.82716627e+00 2.80930320e-02 1.53429157e-03
2.81740869e+00 2.82472347e-02 1.53429157e-03
2.80768478e+00 2.80617690e-02 1.53429157e-03
2.79799444e+00 2.79742480e-02 1.53429157e-03
2.78833754e+00 2.78924361e-02 1.53429157e-03
2.77871397e+00 2.80369457e-02 1.53429157e-03
2.76912361e+00 2.81451758e-02 1.53429157e-03
2.75956635e+00 2.79830012e-02 1.53429157e-03
2.75004208e+00 2.80610385e-02 1.53429157e-03
2.74055068e+00 2.80601994e-02 1.53429157e-03
2.73109204e+00 2.78908718e-02 1.53429157e-03
2.72166604e+00 2.79745170e-02 1.53429157e-03
2.71227258e+00 2.79521370e-02 1.53429157e-03
2.70291154e+00 2.79355110e-02 1.53429157e-03
2.69358280e+00 2.79045811e-02 1.53429157e-03
2.68428626e+00 2.79214384e-02 1.53429157e-03
2.67502181e+00 2.79362323e-02 1.53429157e-03
2.66578933e+00 2.78728138e-02 1.53429157e-03
2.65658872e+00 2.78209620e-02 1.53429157e-03
2.64741986e+00 2.79831686e-02 1.53429157e-03
2.63828265e+00 2.79818093e-02 1.53429157e-03
2.62917697e+00 2.80317568e-02 1.53429157e-03
2.62010272e+00 2.80232202e-02 1.53429157e-03
2.61105979e+00 2.79348085e-02 1.53429157e-03
2.60204807e+00 2.79719744e-02 1.53429157e-03
2.59306745e+00 2.79802041e-02 1.53429157e-03
2.58411783e+00 2.79346809e-02 1.53429157e-03
2.57519909e+00 2.80739246e-02 1.53429157e-03
2.56631114e+00 2.80360259e-02 1.53429157e-03
2.55745386e+00 2.79426313e-02 1.53429157e-03
2.54862716e+00 2.79652903e-02 1.53429157e-03
2.53983091e+00 2.80052971e-02 1.53429157e-03
2.53106503e+00 2.79194557e-02 1.53429157e-03
2.52232940e+00 2.79082761e-02 1.53429157e-03
2.51362392e+00 2.80573970e-02 1.53429157e-03
2.50494848e+00 2.80278764e-02 1.53429157e-03
2.49630299e+00 2.79754464e-02 1.53429157e-03
2.48768734e+00 2.79420913e-02 1.53429157e-03
2.47910142e+00 2.80004957e-02 1.53429157e-03
2.47054514e+00 2.78806968e-02 1.53429157e-03
2.46201838e+00 2.80100402e-02 1.53429157e-03
2.45352106e+00 2.78778089e-02 1.53429157e-03
2.44505306e+00 2.79418929e-02 1.53429157e-03
2.43661429e+00 2.79471383e-02 1.53429157e-03
2.42820464e+00 2.79507591e-02 1.53429157e-03
2.41982402e+00 2.79733776e-02 1.53429157e-03
2.41147233e+00 2.80146130e-02 1.53429157e-03
2.40314945e+00 2.79523650e-02 1.53429157e-03
2.39485531e+00 2.80379249e-02 1.53429157e-03
2.38658979e+00 2.81151574e-02 1.53429157e-03
2.37835279e+00 2.81342437e-02 1.53429157e-03
2.37014423e+00 2.80531004e-02 1.53429157e-03
2.36196400e+00 2.80259989e-02 1.53429157e-03
2.35381200e+00 2.80285969e-02 1.53429157e-03
2.34568813e+00 2.81116450e-02 1.53429157e-03
2.33759230e+00 2.80872862e-02 1.53429157e-03
2.32952442e+00 2.80700955e-02 1.53429157e-03
2.32148438e+00 2.79697860e-02 1.53429157e-03
2.31347209e+00 2.78341345e-02 1.53429157e-03
2.30548745e+00 2.78296587e-02 1.53429157e-03
2.29753037e+00 2.80276847e-02 1.53429157e-03
2.28960076e+00 2.79418948e-02 1.53429157e-03
2.28169851e+00 2.79680168e-02 1.53429157e-03
2.27382353e+00 2.78666909e-02 1.53429157e-03
2.26597574e+00 2.78773390e-02 1.53429157e-03
2.25815503e+00 2.78537227e-02 1.53429157e-03
2.25036131e+00 2.78229230e-02 1.53429157e-03
2.24259449e+00 2.77478556e-02 1.53429157e-03
2.23485448e+00 2.76410384e-02 1.53429157e-03
2.22714118e+00 2.76612588e-02 1.53429157e-03
2.21945450e+00 2.76929435e-02 1.53429157e-03
2.21179435e+00 2.77334673e-02 1.53429157e-03
2.20416064e+00 2.77302732e-02 1.53429157e-03
2.19655328e+00 2.74889664e-02 1.53429157e-03
2.18897217e+00 2.73132920e-02 1.53429157e-03
2.18141723e+00 2.72200297e-02 1.53429157e-03
2.17388836e+00 2.71457969e-02 1.53429157e-03
2.16638548e+00 2.71055942e-02 1.53429157e-03
2.15890849e+00 2.70305132e-02 1.53429157e-03
2.15145731e+00 2.70811088e-02 1.53429157e-03
2.14403184e+00 2.69723815e-02 1.53429157e-03
2.13663201e+00 2.68284925e-02 1.53429157e-03
2.12925771e+00 2.69627740e-02 1.53429157e-03
2.12190886e+00 2.68174629e-02 1.53429157e-03
2.11458538e+00 2.67555497e-02 1.53429157e-03
2.10728717e+00 2.69375446e-02 1.53429157e-03
2.10001416e+00 2.67953056e-02 1.53429157e-03
2.09276624e+00 2.68506892e-02 1.53429157e-03
2.08554334e+00 2.69708738e-02 1.53429157e-03
2.07834537e+00 2.68446160e-02 1.53429157e-03
2.07117224e+00 2.70117607e-02 1.53429157e-03
2.06402387e+00 2.71861025e-02 1.53429157e-03
2.05690017e+00 2.71300741e-02 1.53429157e-03
2.04980105e+00 2.70944855e-02 1.53429157e-03
2.04272644e+00 2.72855281e-02 1.53429157e-03
2.03567624e+00 2.73740496e-02 1.53429157e-03
2.02865038e+00 2.72144253e-02 1.53429157e-03
2.02164877e+00 2.71911868e-02 1.53429157e-03
2.01467132e+00 2.74424433e-02 1.53429157e-03
2.00771795e+00 2.75917155e-02 1.53429157e-03
2.00078859e+00 2.75457789e-02 1.53429157e-03
1.99388313e+00 2.75303428e-02 1.53429157e-03
1.98700151e+00 2.73812933e-02 1.53429157e-03
1.98014365e+00 2.75794592e-02 1.53429157e-03
1.97330945e+00 2.74840722e-02 1.53429157e-03
1.96649884e+00 2.73291838e-02 1.53429157e-03
1.95971173e+00 2.72775585e-02 1.53429157e-03
1.95294805e+00 2.73574218e-02 1.53429157e-03
1.94620771e+00 2.74740907e-02 1.53429157e-03
1.93949064e+00 2.74904960e-02 1.53429157e-03
1.93279675e+00 2.74446782e-02 1.53429157e-03
1.92612596e+00 2.72942542e-02 1.53429157e-03
1.91947820e+00 2.74428028e-02 1.53429157e-03
1.91285338e+00 2.73363288e-02 1.53429157e-03
1.90625142e+00 2.72277199e-02 1.53429157e-03
1.89967225e+00 2.73763418e-02 1.53429157e-03
1.89311579e+00 2.74744064e-02 1.53429157e-03
1.88658195e+00 2.75579981e-02 1.53429157e-03
1.88007067e+00 2.75980134e-02 1.53429157e-03
1.87358186e+00 2.75670036e-02 1.53429157e-03
1.86711544e+00 2.75663218e-02 1.53429157e-03
1.86067135e+00 2.78343457e-02 1.53429157e-03
1.85424949e+00 2.76729532e-02 1.53429157e-03
1.84784980e+00 2.76359181e-02 1.53429157e-03
1.84147219e+00 2.76621872e-02 1.53429157e-03
1.83511660e+00 2.77055450e-02 1.53429157e-03
1.82878294e+00 2.72070540e-02 1.53429157e-03
1.82247114e+00 2.75295273e-02 1.53429157e-03
1.81618113e+00 2.73244815e-02 1.53429157e-03
1.80991283e+00 2.74925218e-02 1.53429157e-03
1.80366616e+00 2.74915496e-02 1.53429157e-03
1.79744104e+00 2.75564283e-02 1.53429157e-03
1.79123742e+00 2.73831135e-02 1.53429157e-03
1.78505520e+00 2.73683094e-02 1.53429157e-03
1.77889433e+00 2.73919746e-02 1.53429157e-03
1.77275471e+00 2.73635804e-02 1.53429157e-03
1.76663629e+00 2.72570956e-02 1.53429157e-03
1.76053898e+00 2.71824772e-02 1.53429157e-03
1.75446272e+00 2.71429054e-02 1.53429157e-03
1.74840743e+00 2.70993745e-02 1.53429157e-03
1.74237303e+00 2.70742889e-02 1.53429157e-03
1.73635947e+00 2.71010589e-02 1.53429157e-03
1.73036666e+00 2.71785845e-02 1.53429157e-03
1.72439453e+00 2.70832970e-02 1.53429157e-03
1.71844301e+00 2.69114187e-02 1.53429157e-03
1.71251204e+00 2.70265614e-02 1.53429157e-03
1.70660154e+00 2.68626777e-02 1.53429157e-03
1.70071143e+00 2.69950337e-02 1.53429157e-03
1.69484165e+00 2.69092159e-02 1.53429157e-03
1.68899214e+00 2.68922123e-02 1.53429157e-03
1.68316281e+00 2.68219562e-02 1.53429157e-03
1.67735360e+00 2.69348352e-02 1.53429157e-03
1.67156444e+00 2.70862089e-02 1.53429157e-03
1.66579526e+00 2.70104410e-02 1.53429157e-03
1.66004599e+00 2.67707092e-02 1.53429157e-03
1.65431657e+00 2.67284899e-02 1.53429157e-03
1.64860691e+00 2.67337567e-02 1.53429157e-03
1.64291697e+00 2.67816327e-02 1.53429157e-03
1.63724666e+00 2.68581784e-02 1.53429157e-03
1.63159593e+00 2.67980269e-02 1.53429157e-03
1.62596469e+00 2.68758629e-02 1.53429157e-03
1.62035290e+00 2.68808290e-02 1.53429157e-03
1.61476047e+00 2.67866097e-02 1.53429157e-03
1.60918734e+00 2.66620278e-02 1.53429157e-03
1.60363344e+00 2.66680995e-02 1.53429157e-03
1.59809872e+00 2.65327191e-02 1.53429157e-03
1.59258310e+00 2.64886978e-02 1.53429157e-03
1.58708651e+00 2.65681483e-02 1.53429157e-03
1.58160890e+00 2.65725435e-02 1.53429157e-03
1.57615019e+00 2.64758153e-02 1.53429157e-03
1.57071032e+00 2.65410393e-02 1.53429157e-03
1.56528922e+00 2.68017761e-02 1.53429157e-03
1.55988684e+00 2.68102993e-02 1.53429157e-03
1.55450310e+00 2.68662248e-02 1.53429157e-03
1.54913794e+00 2.70214786e-02 1.53429157e-03
1.54379130e+00 2.70047503e-02 1.53429157e-03
1.53846311e+00 2.70841658e-02 1.53429157e-03
1.53315331e+00 2.71496649e-02 1.53429157e-03
1.52786184e+00 2.70293570e-02 1.53429157e-03
1.52258863e+00 2.72012367e-02 1.53429157e-03
1.51733362e+00 2.71645735e-02 1.53429157e-03
1.51209675e+00 2.73147657e-02 1.53429157e-03
1.50687795e+00 2.71863865e-02 1.53429157e-03
1.50167716e+00 2.76304724e-02 1.53429157e-03
1.49649433e+00 2.75172344e-02 1.53429157e-03
1.49132938e+00 2.73779850e-02 1.53429157e-03
1.48618226e+00 2.75234953e-02 1.53429157e-03
1.48105290e+00 2.75135486e-02 1.53429157e-03
1.47594124e+00 2.76225120e-02 1.53429157e-03
1.47084723e+00 2.76197944e-02 1.53429157e-03
1.46577080e+00 2.75416990e-02 1.53429157e-03
1.46071189e+00 2.75494505e-02 1.53429157e-03
1.45567044e+00 2.77878574e-02 1.53429157e-03
1.45064639e+00 2.78022385e-02 1.53429157e-03
1.44563968e+00 2.78458164e-02 1.53429157e-03
1.44065025e+00 2.76066702e-02 1.53429157e-03
1.43567804e+00 2.78220032e-02 1.53429157e-03
1.43072299e+00 2.78448163e-02 1.53429157e-03
1.42578504e+00 2.78249151e-02 1.53429157e-03
1.42086414e+00 2.79288947e-02 1.53429157e-03
1.41596022e+00 2.77514136e-02 1.53429157e-03
1.41107322e+00 2.77305814e-02 1.53429157e-03
1.40620309e+00 2.78258453e-02 1.53429157e-03
1.40134977e+00 2.77849459e-02 1.53429157e-03
1.39651320e+00 2.77080292e-02 1.53429157e-03
1.39169332e+00 2.76713992e-02 1.53429157e-03
1.38689008e+00 2.76892261e-02 1.53429157e-03
1.38210342e+00 2.76988486e-02 1.53429157e-03
1.37733327e+00 2.77313553e-02 1.53429157e-03
1.37257959e+00 2.78746162e-02 1.53429157e-03
1.36784232e+00 2.78510793e-02 1.53429157e-03
1.36312140e+00 2.77527775e-02 1.53429157e-03
1.35841677e+00 2.77075438e-02 1.53429157e-03
1.35372837e+00 2.75840540e-02 1.53429157e-03
1.34905616e+00 2.75418755e-02 1.53429157e-03
1.34440008e+00 2.75701345e-02 1.53429157e-03
1.33976006e+00 2.72805643e-02 1.53429157e-03
1.33513606e+00 2.73717700e-02 1.53429157e-03
1.33052802e+00 2.68593036e-02 1.53429157e-03
1.32593588e+00 2.64478862e-02 1.53429157e-03
1.32135959e+00 2.62734073e-02 1.53429157e-03
1.31679910e+00 2.62010990e-02 1.53429157e-03
1.31225434e+00 2.61540445e-02 1.53429157e-03
1.30772527e+00 2.59937416e-02 1.53429157e-03
1.30321183e+00 2.61167610e-02 1.53429157e-03
1.29871397e+00 2.59748030e-02 1.53429157e-03
1.29423164e+00 2.57866511e-02 1.53429157e-03
1.28976477e+00 2.57262940e-02 1.53429157e-03
1.28531332e+00 2.57096716e-02 1.53429157e-03
1.28087724e+00 2.57319348e-02 1.53429157e-03
1.27645646e+00 2.55567497e-02 1.53429157e-03
1.27205094e+00 2.57354449e-02 1.53429157e-03
1.26766063e+00 2.56751755e-02 1.53429157e-03
1.26328547e+00 2.56186342e-02 1.53429157e-03
1.25892541e+00 2.53796858e-02 1.53429157e-03
1.25458040e+00 2.55400498e-02 1.53429157e-03
1.25025039e+00 2.55997776e-02 1.53429157e-03
1.24593531e+00 2.56539734e-02 1.53429157e-03
1.24163514e+00 2.57607881e-02 1.53429157e-03
1.23734980e+00 2.58650131e-02 1.53429157e-03
1.23307925e+00 2.57941281e-02 1.53429157e-03
1.22882345e+00 2.59111024e-02 1.53429157e-03
1.22458233e+00 2.59566834e-02 1.53429157e-03
1.22035585e+00 2.59780082e-02 1.53429157e-03
1.21614395e+00 2.60975859e-02 1.53429157e-03
1.21194660e+00 2.61744605e-02 1.53429157e-03
1.20776373e+00 2.61849417e-02 1.53429157e-03
1.20359529e+00 2.64357241e-02 1.53429157e-03
1.19944125e+00 2.63391974e-02 1.53429157e-03
1.19530154e+00 2.65097294e-02 1.53429157e-03
1.19117611e+00 2.65460908e-02 1.53429157e-03
1.18706493e+00 2.66770634e-02 1.53429157e-03
1.18296793e+00 2.66738842e-02 1.53429157e-03
1.17888508e+00 2.67916953e-02 1.53429157e-03
1.17481632e+00 2.71478184e-02 1.53429157e-03
1.17076160e+00 2.68433283e-02 1.53429157e-03
1.16672087e+00 2.68959840e-02 1.53429157e-03
1.16269409e+00 2.68970214e-02 1.53429157e-03
1.15868121e+00 2.69587342e-02 1.53429157e-03
1.15468218e+00 2.68948170e-02 1.53429157e-03
1.15069695e+00 2.67817739e-02 1.53429157e-03
1.14672547e+00 2.66943474e-02 1.53429157e-03
1.14276770e+00 2.68727387e-02 1.53429157e-03
1.13882359e+00 2.65946142e-02 1.53429157e-03
1.13489310e+00 2.70992210e-02 1.53429157e-03
1.13097617e+00 2.68276386e-02 1.53429157e-03
1.12707276e+00 2.65362330e-02 1.53429157e-03
1.12318282e+00 2.66654621e-02 1.53429157e-03
1.11930630e+00 2.66949319e-02 1.53429157e-03
1.11544317e+00 2.64966886e-02 1.53429157e-03
1.11159337e+00 2.66267540e-02 1.53429157e-03
1.10775685e+00 2.64202372e-02 1.53429157e-03
1.10393358e+00 2.61538269e-02 1.53429157e-03
1.10012350e+00 2.62691326e-02 1.53429157e-03
1.09632657e+00 2.62004982e-02 1.53429157e-03
1.09254275e+00 2.60984578e-02 1.53429157e-03
1.08877198e+00 2.55819139e-02 1.53429157e-03
1.08501423e+00 2.52656640e-02 1.53429157e-03
1.08126945e+00 2.50399399e-02 1.53429157e-03
1.07753760e+00 2.50344415e-02 1.53429157e-03
1.07381862e+00 2.49882903e-02 1.53429157e-03
1.07011248e+00 2.49127320e-02 1.53429157e-03
1.06641913e+00 2.49538941e-02 1.53429157e-03
1.06273853e+00 2.48826468e-02 1.53429157e-03
1.05907063e+00 2.50621116e-02 1.53429157e-03
1.05541539e+00 2.49144658e-02 1.53429157e-03
1.05177277e+00 2.49832433e-02 1.53429157e-03
1.04814272e+00 2.51040202e-02 1.53429157e-03
1.04452519e+00 2.50957943e-02 1.53429157e-03
1.04092015e+00 2.51405373e-02 1.53429157e-03
1.03732756e+00 2.51362251e-02 1.53429157e-03
1.03374736e+00 2.52522962e-02 1.53429157e-03
1.03017952e+00 2.53205446e-02 1.53429157e-03
1.02662400e+00 2.54875679e-02 1.53429157e-03
1.02308074e+00 2.55710468e-02 1.53429157e-03
1.01954972e+00 2.56326976e-02 1.53429157e-03
1.01603088e+00 2.55308724e-02 1.53429157e-03
1.01252418e+00 2.56423690e-02 1.53429157e-03
1.00902959e+00 2.57830060e-02 1.53429157e-03
1.00554706e+00 2.58958934e-02 1.53429157e-03
1.00207655e+00 2.58673888e-02 1.53429157e-03
9.98618022e-01 2.59663008e-02 1.53429157e-03
9.95171426e-01 2.61157472e-02 1.53429157e-03
9.91736726e-01 2.62008575e-02 1.53429157e-03
9.88313880e-01 2.60554258e-02 1.53429157e-03
9.84902848e-01 2.63482311e-02 1.53429157e-03
9.81503589e-01 2.63012906e-02 1.53429157e-03
9.78116061e-01 2.62770340e-02 1.53429157e-03
9.74740226e-01 2.61593920e-02 1.53429157e-03
9.71376041e-01 2.63421466e-02 1.53429157e-03
9.68023467e-01 2.62738651e-02 1.53429157e-03
9.64682465e-01 2.63897978e-02 1.53429157e-03
9.61352993e-01 2.63447387e-02 1.53429157e-03
9.58035013e-01 2.64933929e-02 1.53429157e-03
9.54728484e-01 2.62738916e-02 1.53429157e-03
9.51433367e-01 2.63434296e-02 1.53429157e-03
9.48149623e-01 2.62213888e-02 1.53429157e-03
9.44877213e-01 2.63051622e-02 1.53429157e-03
9.41616096e-01 2.65328329e-02 1.53429157e-03
9.38366235e-01 2.64927772e-02 1.53429157e-03
9.35127591e-01 2.65872951e-02 1.53429157e-03
9.31900124e-01 2.65262714e-02 1.53429157e-03
9.28683796e-01 2.66640220e-02 1.53429157e-03
9.25478569e-01 2.58050074e-02 1.53429157e-03
9.22284404e-01 2.53517214e-02 1.53429157e-03
9.19101264e-01 2.57091214e-02 1.53429157e-03
9.15929110e-01 2.57268300e-02 1.53429157e-03
9.12767904e-01 2.54502446e-02 1.53429157e-03
9.09617608e-01 2.52344669e-02 1.53429157e-03
9.06478186e-01 2.54337124e-02 1.53429157e-03
9.03349598e-01 2.54220197e-02 1.53429157e-03
9.00231809e-01 2.57153833e-02 1.53429157e-03
8.97124780e-01 2.53805117e-02 1.53429157e-03
8.94028475e-01 2.54663742e-02 1.53429157e-03
8.90942856e-01 2.55320614e-02 1.53429157e-03
8.87867887e-01 2.51646467e-02 1.53429157e-03
8.84803530e-01 2.48811688e-02 1.53429157e-03
8.81749750e-01 2.47750953e-02 1.53429157e-03
8.78706510e-01 2.46744141e-02 1.53429157e-03
8.75673773e-01 2.47631504e-02 1.53429157e-03
8.72651503e-01 2.47589016e-02 1.53429157e-03
8.69639664e-01 2.48030684e-02 1.53429157e-03
8.66638219e-01 2.48613727e-02 1.53429157e-03
8.63647134e-01 2.48498528e-02 1.53429157e-03
8.60666373e-01 2.48023882e-02 1.53429157e-03
8.57695899e-01 2.47767600e-02 1.53429157e-03
8.54735677e-01 2.49502718e-02 1.53429157e-03
8.51785672e-01 2.48822888e-02 1.53429157e-03
8.48845848e-01 2.50648215e-02 1.53429157e-03
8.45916171e-01 2.51608322e-02 1.53429157e-03
8.42996605e-01 2.51242668e-02 1.53429157e-03
8.40087116e-01 2.50746211e-02 1.53429157e-03
8.37187669e-01 2.53337739e-02 1.53429157e-03
8.34298228e-01 2.52347841e-02 1.53429157e-03
8.31418760e-01 2.50945280e-02 1.53429157e-03
8.28549231e-01 2.51167932e-02 1.53429157e-03
8.25689604e-01 2.49381238e-02 1.53429157e-03
8.22839848e-01 2.51405788e-02 1.53429157e-03
8.19999927e-01 2.49998294e-02 1.53429157e-03
8.17169808e-01 2.51596342e-02 1.53429157e-03
8.14349456e-01 2.50941445e-02 1.53429157e-03
8.11538839e-01 2.53323543e-02 1.53429157e-03
8.08737922e-01 2.48897386e-02 1.53429157e-03
8.05946672e-01 2.46686714e-02 1.53429157e-03
8.03165056e-01 2.44546591e-02 1.53429157e-03
8.00393040e-01 2.44748699e-02 1.53429157e-03
7.97630591e-01 2.44205286e-02 1.53429157e-03
7.94877676e-01 2.41728300e-02 1.53429157e-03
7.92134263e-01 2.42749364e-02 1.53429157e-03
7.89400319e-01 2.42311746e-02 1.53429157e-03
7.86675810e-01 2.42259665e-02 1.53429157e-03
7.83960704e-01 2.42377347e-02 1.53429157e-03
7.81254969e-01 2.40700913e-02 1.53429157e-03
7.78558573e-01 2.41501229e-02 1.53429157e-03
7.75871483e-01 2.40197874e-02 1.53429157e-03
7.73193667e-01 2.40547648e-02 1.53429157e-03
7.70525093e-01 2.40178848e-02 1.53429157e-03
7.67865730e-01 2.41084258e-02 1.53429157e-03
7.65215545e-01 2.42700318e-02 1.53429157e-03
7.62574506e-01 2.43401233e-02 1.53429157e-03
7.59942583e-01 2.43442443e-02 1.53429157e-03
7.57319744e-01 2.44895593e-02 1.53429157e-03
7.54705957e-01 2.45732252e-02 1.53429157e-03
7.52101191e-01 2.47481985e-02 1.53429157e-03
7.49505415e-01 2.47751175e-02 1.53429157e-03
7.46918598e-01 2.46928528e-02 1.53429157e-03
7.44340709e-01 2.47104032e-02 1.53429157e-03
7.41771717e-01 2.47655545e-02 1.53429157e-03
7.39211592e-01 2.47201617e-02 1.53429157e-03
7.36660303e-01 2.49330884e-02 1.53429157e-03
7.34117819e-01 2.48548934e-02 1.53429157e-03
7.31584110e-01 2.49522735e-02 1.53429157e-03
7.29059146e-01 2.48608504e-02 1.53429157e-03
7.26542897e-01 2.50143928e-02 1.53429157e-03
7.24035332e-01 2.50150732e-02 1.53429157e-03
7.21536422e-01 2.52065416e-02 1.53429157e-03
7.19046136e-01 2.49370562e-02 1.53429157e-03
7.16564445e-01 2.54034282e-02 1.53429157e-03
7.14091319e-01 2.45149066e-02 1.53429157e-03
7.11626729e-01 2.44864192e-02 1.53429157e-03
7.09170646e-01 2.44214830e-02 1.53429157e-03
7.06723039e-01 2.43016990e-02 1.53429157e-03
7.04283879e-01 2.44547021e-02 1.53429157e-03
7.01853138e-01 2.41991436e-02 1.53429157e-03
6.99430787e-01 2.41345789e-02 1.53429157e-03
6.97016796e-01 2.42046960e-02 1.53429157e-03
6.94611136e-01 2.43777471e-02 1.53429157e-03
6.92213779e-01 2.45344494e-02 1.53429157e-03
6.89824697e-01 2.38201679e-02 1.53429157e-03
6.87443860e-01 2.37873317e-02 1.53429157e-03
6.85071240e-01 2.37815511e-02 1.53429157e-03
6.82706809e-01 2.37650083e-02 1.53429157e-03
6.80350538e-01 2.38218022e-02 1.53429157e-03
6.78002400e-01 2.38293602e-02 1.53429157e-03
6.75662366e-01 2.38114457e-02 1.53429157e-03
6.73330408e-01 2.38701450e-02 1.53429157e-03
6.71006499e-01 2.38647190e-02 1.53429157e-03
6.68690611e-01 2.39493461e-02 1.53429157e-03
6.66382715e-01 2.38894853e-02 1.53429157e-03
6.64082785e-01 2.39849334e-02 1.53429157e-03
6.61790793e-01 2.40887857e-02 1.53429157e-03
6.59506711e-01 2.41342739e-02 1.53429157e-03
6.57230512e-01 2.40953127e-02 1.53429157e-03
6.54962170e-01 2.41647289e-02 1.53429157e-03
6.52701656e-01 2.41512411e-02 1.53429157e-03
6.50448944e-01 2.40989546e-02 1.53429157e-03
6.48204007e-01 2.43437728e-02 1.53429157e-03
6.45966819e-01 2.43520158e-02 1.53429157e-03
6.43737351e-01 2.39605373e-02 1.53429157e-03
6.41515579e-01 2.38789777e-02 1.53429157e-03
6.39301474e-01 2.39072120e-02 1.53429157e-03
6.37095011e-01 2.38784441e-02 1.53429157e-03
6.34896163e-01 2.38497057e-02 1.53429157e-03
6.32704905e-01 2.38586158e-02 1.53429157e-03
6.30521209e-01 2.38344649e-02 1.53429157e-03
6.28345050e-01 2.38347221e-02 1.53429157e-03
6.26176402e-01 2.39054070e-02 1.53429157e-03
6.24015238e-01 2.38472625e-02 1.53429157e-03
6.21861534e-01 2.38528599e-02 1.53429157e-03
6.19715262e-01 2.38386707e-02 1.53429157e-03
6.17576399e-01 2.38651720e-02 1.53429157e-03
6.15444917e-01 2.38683287e-02 1.53429157e-03
6.13320792e-01 2.38929945e-02 1.53429157e-03
6.11203998e-01 2.39513446e-02 1.53429157e-03
6.09094509e-01 2.40001706e-02 1.53429157e-03
6.06992302e-01 2.40895181e-02 1.53429157e-03
6.04897350e-01 2.40595584e-02 1.53429157e-03
6.02809628e-01 2.40891434e-02 1.53429157e-03
6.00729112e-01 2.42827300e-02 1.53429157e-03
5.98655776e-01 2.43173367e-02 1.53429157e-03
5.96589596e-01 2.42714687e-02 1.53429157e-03
5.94530548e-01 2.43176439e-02 1.53429157e-03
5.92478606e-01 2.42587638e-02 1.53429157e-03
5.90433746e-01 2.44630303e-02 1.53429157e-03
5.88395943e-01 2.43554652e-02 1.53429157e-03
5.86365174e-01 2.41015854e-02 1.53429157e-03
5.84341413e-01 2.39458409e-02 1.53429157e-03
5.82324638e-01 2.39816667e-02 1.53429157e-03
5.80314823e-01 2.40149896e-02 1.53429157e-03
5.78311944e-01 2.39302993e-02 1.53429157e-03
5.76315978e-01 2.39452882e-02 1.53429157e-03
5.74326902e-01 2.39162675e-02 1.53429157e-03
5.72344690e-01 2.39698672e-02 1.53429157e-03
5.70369319e-01 2.38984340e-02 1.53429157e-03
5.68400766e-01 2.40238312e-02 1.53429157e-03
5.66439007e-01 2.38790386e-02 1.53429157e-03
5.64484020e-01 2.38579159e-02 1.53429157e-03
5.62535779e-01 2.38632087e-02 1.53429157e-03
5.60594263e-01 2.38891103e-02 1.53429157e-03
5.58659447e-01 2.38991954e-02 1.53429157e-03
5.56731309e-01 2.39097041e-02 1.53429157e-03
5.54809826e-01 2.39267730e-02 1.53429157e-03
5.52894975e-01 2.39313741e-02 1.53429157e-03
5.50986732e-01 2.39570766e-02 1.53429157e-03
5.49085076e-01 2.39578302e-02 1.53429157e-03
5.47189983e-01 2.40139684e-02 1.53429157e-03
5.45301430e-01 2.39943401e-02 1.53429157e-03
5.43419396e-01 2.39979043e-02 1.53429157e-03
5.41543857e-01 2.40524548e-02 1.53429157e-03
5.39674791e-01 2.39857759e-02 1.53429157e-03
5.37812176e-01 2.39744206e-02 1.53429157e-03
5.35955990e-01 2.39551587e-02 1.53429157e-03
5.34106210e-01 2.39518691e-02 1.53429157e-03
5.32262815e-01 2.39678783e-02 1.53429157e-03
5.30425781e-01 2.39813848e-02 1.53429157e-03
5.28595088e-01 2.39871667e-02 1.53429157e-03
5.26770713e-01 2.39829099e-02 1.53429157e-03
5.24952635e-01 2.39899418e-02 1.53429157e-03
5.23140832e-01 2.40019580e-02 1.53429157e-03
5.21335282e-01 2.40059501e-02 1.53429157e-03
5.19535963e-01 2.40265095e-02 1.53429157e-03
5.17742855e-01 2.40605274e-02 1.53429157e-03
5.15955935e-01 2.40673561e-02 1.53429157e-03
5.14175183e-01 2.40911611e-02 1.53429157e-03
5.12400576e-01 2.41118873e-02 1.53429157e-03
5.10632095e-01 2.41387117e-02 1.53429157e-03
5.08869717e-01 2.41044849e-02 1.53429157e-03
5.07113422e-01 2.41397244e-02 1.53429157e-03
5.05363188e-01 2.41710719e-02 1.53429157e-03
5.03618995e-01 2.42585009e-02 1.53429157e-03
5.01880822e-01 2.41482718e-02 1.53429157e-03
5.00148648e-01 2.40924528e-02 1.53429157e-03
4.98422452e-01 2.41126024e-02 1.53429157e-03
4.96702214e-01 2.40956491e-02 1.53429157e-03
4.94987914e-01 2.41046931e-02 1.53429157e-03
4.93279529e-01 2.41135850e-02 1.53429157e-03
4.91577042e-01 2.41198407e-02 1.53429157e-03
4.89880430e-01 2.41242387e-02 1.53429157e-03
4.88189673e-01 2.41317773e-02 1.53429157e-03
4.86504752e-01 2.41413837e-02 1.53429157e-03
4.84825647e-01 2.41530473e-02 1.53429157e-03
4.83152336e-01 2.41512191e-02 1.53429157e-03
4.81484801e-01 2.41618266e-02 1.53429157e-03
4.79823021e-01 2.41692745e-02 1.53429157e-03
4.78166977e-01 2.41792319e-02 1.53429157e-03
4.76516648e-01 2.41911245e-02 1.53429157e-03
4.74872015e-01 2.41933009e-02 1.53429157e-03
4.73233058e-01 2.42054881e-02 1.53429157e-03
4.71599758e-01 2.42091613e-02 1.53429157e-03
4.69972095e-01 2.42196784e-02 1.53429157e-03
4.68350050e-01 2.42232720e-02 1.53429157e-03
4.66733603e-01 2.42277731e-02 1.53429157e-03
4.65122734e-01 2.42322621e-02 1.53429157e-03
4.63517426e-01 2.42398395e-02 1.53429157e-03
4.61917658e-01 2.42464341e-02 1.53429157e-03
4.60323411e-01 2.42536895e-02 1.53429157e-03
4.58734667e-01 2.42622402e-02 1.53429157e-03
4.57151406e-01 2.42708641e-02 1.53429157e-03
4.55573610e-01 2.42827803e-02 1.53429157e-03
4.54001259e-01 2.42895874e-02 1.53429157e-03
4.52434335e-01 2.42991149e-02 1.53429157e-03
4.50872819e-01 2.43045280e-02 1.53429157e-03
4.49316692e-01 2.43212830e-02 1.53429157e-03
4.47765936e-01 2.43239443e-02 1.53429157e-03
4.46220532e-01 2.43380837e-02 1.53429157e-03
4.44680462e-01 2.43430474e-02 1.53429157e-03
4.43145707e-01 2.43640041e-02 1.53429157e-03
4.41616249e-01 2.43541168e-02 1.53429157e-03
4.40092070e-01 2.43590375e-02 1.53429157e-03
4.38573152e-01 2.43649144e-02 1.53429157e-03
4.37059476e-01 2.43688954e-02 1.53429157e-03
4.35551024e-01 2.43760221e-02 1.53429157e-03
4.34047778e-01 2.43835433e-02 1.53429157e-03
4.32549721e-01 2.43912983e-02 1.53429157e-03
4.31056834e-01 2.43992541e-02 1.53429157e-03
4.29569099e-01 2.44069093e-02 1.53429157e-03
4.28086499e-01 2.44148778e-02 1.53429157e-03
4.26609016e-01 2.44230291e-02 1.53429157e-03
4.25136633e-01 2.44315535e-02 1.53429157e-03
4.23669331e-01 2.44391053e-02 1.53429157e-03
4.22207093e-01 2.44473787e-02 1.53429157e-03
4.20749903e-01 2.44547345e-02 1.53429157e-03
4.19297741e-01 2.44621503e-02 1.53429157e-03
4.17850591e-01 2.44697275e-02 1.53429157e-03
4.16408436e-01 2.44778165e-02 1.53429157e-03
4.14971259e-01 2.44851554e-02 1.53429157e-03
4.13539041e-01 2.44926229e-02 1.53429157e-03
4.12111767e-01 2.45004759e-02 1.53429157e-03
4.10689419e-01 2.45083178e-02 1.53429157e-03
4.09271979e-01 2.45161233e-02 1.53429157e-03
4.07859432e-01 2.45241417e-02 1.53429157e-03
4.06451761e-01 2.45326057e-02 1.53429157e-03
4.05048947e-01 2.45406267e-02 1.53429157e-03
4.03650975e-01 2.45481598e-02 1.53429157e-03
4.02257828e-01 2.45572804e-02 1.53429157e-03
4.00869489e-01 2.45660211e-02 1.53429157e-03
3.99485942e-01 2.45741232e-02 1.53429157e-03
3.98107171e-01 2.45817872e-02 1.53429157e-03
