# wavelength(micron) (Rp/Rs)^2 std((Rp/Rs)^2)
4.98786538e+00 1.11986700e-04 2.23548564e-06
4.93848057e+00 1.11707564e-04 2.23548564e-06
4.88958472e+00 1.11684022e-04 2.23548564e-06
4.84117299e+00 1.11494480e-04 2.23548564e-06
4.79324059e+00 1.11509886e-04 2.23548564e-06
4.74578276e+00 1.11348630e-04 2.23548564e-06
4.69879481e+00 1.11307659e-04 2.23548564e-06
4.65227209e+00 1.11369183e-04 2.23548564e-06
4.60620999e+00 1.10782991e-04 2.23548564e-06
4.56060395e+00 1.10579240e-04 2.23548564e-06
4.51544946e+00 1.10595832e-04 2.23548564e-06
4.47074204e+00 1.10681565e-04 2.23548564e-06
4.42647726e+00 1.10688987e-04 2.23548564e-06
4.38265076e+00 1.10817975e-04 2.23548564e-06
4.33925817e+00 1.10558765e-04 2.23548564e-06
4.29629522e+00 1.10805007e-04 2.23548564e-06
4.25375765e+00 1.10546117e-04 2.23548564e-06
4.21164123e+00 1.10467468e-04 2.23548564e-06
4.16994181e+00 1.10393737e-04 2.23548564e-06
4.12865526e+00 1.09846630e-04 2.23548564e-06
4.08777749e+00 1.09698431e-04 2.23548564e-06
4.04730444e+00 1.09198626e-04 2.23548564e-06
4.00723212e+00 1.08897728e-04 2.23548564e-06
3.96755656e+00 1.08729928e-04 2.23548564e-06
3.92827382e+00 1.08496808e-04 2.23548564e-06
3.88938002e+00 1.08480901e-04 2.23548564e-06
3.85087130e+00 1.08643242e-04 2.23548564e-06
3.81274387e+00 1.08771998e-04 2.23548564e-06
3.77499393e+00 1.08976679e-04 2.23548564e-06
3.73761775e+00 1.09099245e-04 2.23548564e-06
3.70061163e+00 1.09317856e-04 2.23548564e-06
3.66397191e+00 1.09711517e-04 2.23548564e-06
3.62769496e+00 1.09951252e-04 2.23548564e-06
3.59177719e+00 1.09908440e-04 2.23548564e-06
3.55621504e+00 1.10076661e-04 2.23548564e-06
3.52100499e+00 1.10345159e-04 2.23548564e-06
3.48614356e+00 1.10644804e-04 2.23548564e-06
3.45162728e+00 1.10594637e-04 2.23548564e-06
3.41745276e+00 1.10994877e-04 2.23548564e-06
3.38361659e+00 1.10742545e-04 2.23548564e-06
3.35011544e+00 1.11289046e-04 2.23548564e-06
3.31694598e+00 1.11407170e-04 2.23548564e-06
3.28410493e+00 1.11335928e-04 2.23548564e-06
3.25158904e+00 1.11470579e-04 2.23548564e-06
3.21939509e+00 1.11640506e-04 2.23548564e-06
3.18751989e+00 1.12457393e-04 2.23548564e-06
3.15596028e+00 1.12186891e-04 2.23548564e-06
3.12471315e+00 1.12401254e-04 2.23548564e-06
3.09377540e+00 1.12647089e-04 2.23548564e-06
3.06314396e+00 1.12963560e-04 2.23548564e-06
3.03281580e+00 1.13518039e-04 2.23548564e-06
3.00278792e+00 1.13343715e-04 2.23548564e-06
2.97305735e+00 1.13357813e-04 2.23548564e-06
2.94362114e+00 1.13519597e-04 2.23548564e-06
2.91447637e+00 1.13614949e-04 2.23548564e-06
2.88562017e+00 1.13158367e-04 2.23548564e-06
2.85704967e+00 1.13409400e-04 2.23548564e-06
2.82876205e+00 1.13764067e-04 2.23548564e-06
2.80075451e+00 1.13292661e-04 2.23548564e-06
2.77302427e+00 1.13548704e-04 2.23548564e-06
2.74556858e+00 1.13441832e-04 2.23548564e-06
2.71838473e+00 1.13345341e-04 2.23548564e-06
2.69147003e+00 1.13189478e-04 2.23548564e-06
2.66482181e+00 1.12525607e-04 2.23548564e-06
2.63843744e+00 1.12813133e-04 2.23548564e-06
2.61231430e+00 1.12655790e-04 2.23548564e-06
2.58644980e+00 1.12986438e-04 2.23548564e-06
2.56084139e+00 1.12774341e-04 2.23548564e-06
2.53548652e+00 1.12775079e-04 2.23548564e-06
2.51038269e+00 1.12613336e-04 2.23548564e-06
2.48552742e+00 1.12102846e-04 2.23548564e-06
2.46091824e+00 1.11430181e-04 2.23548564e-06
2.43655271e+00 1.11057033e-04 2.23548564e-06
2.41242843e+00 1.10548137e-04 2.23548564e-06
2.38854300e+00 1.10114671e-04 2.23548564e-06
2.36489405e+00 1.09858852e-04 2.23548564e-06
2.34147926e+00 1.09517511e-04 2.23548564e-06
2.31829630e+00 1.09341477e-04 2.23548564e-06
2.29534287e+00 1.09308358e-04 2.23548564e-06
2.27261670e+00 1.09214105e-04 2.23548564e-06
2.25011555e+00 1.09111606e-04 2.23548564e-06
2.22783718e+00 1.09097976e-04 2.23548564e-06
2.20577938e+00 1.08978599e-04 2.23548564e-06
2.18393998e+00 1.08941349e-04 2.23548564e-06
2.16231681e+00 1.09102818e-04 2.23548564e-06
2.14090774e+00 1.09304829e-04 2.23548564e-06
2.11971063e+00 1.09507722e-04 2.23548564e-06
2.09872340e+00 1.09800882e-04 2.23548564e-06
2.07794396e+00 1.10158650e-04 2.23548564e-06
2.05737025e+00 1.10651216e-04 2.23548564e-06
2.03700025e+00 1.10961918e-04 2.23548564e-06
2.01683193e+00 1.11214789e-04 2.23548564e-06
1.99686330e+00 1.11271681e-04 2.23548564e-06
1.97709238e+00 1.11419043e-04 2.23548564e-06
1.95751720e+00 1.11474008e-04 2.23548564e-06
1.93813585e+00 1.11253217e-04 2.23548564e-06
1.91894638e+00 1.11082051e-04 2.23548564e-06
1.89994691e+00 1.10976158e-04 2.23548564e-06
1.88113556e+00 1.11687762e-04 2.23548564e-06
1.86251045e+00 1.12067437e-04 2.23548564e-06
1.84406975e+00 1.11526748e-04 2.23548564e-06
1.82581164e+00 1.11186936e-04 2.23548564e-06
1.80773430e+00 1.11098502e-04 2.23548564e-06
1.78983594e+00 1.10820222e-04 2.23548564e-06
1.77211479e+00 1.10251007e-04 2.23548564e-06
1.75456910e+00 1.09664237e-04 2.23548564e-06
1.73719713e+00 1.09244113e-04 2.23548564e-06
1.71999715e+00 1.08969620e-04 2.23548564e-06
1.70296748e+00 1.08071192e-04 2.23548564e-06
1.68610642e+00 1.07720478e-04 2.23548564e-06
1.66941229e+00 1.07966687e-04 2.23548564e-06
1.65288346e+00 1.07875624e-04 2.23548564e-06
1.63651828e+00 1.07946781e-04 2.23548564e-06
1.62031512e+00 1.08198112e-04 2.23548564e-06
1.60427240e+00 1.08508064e-04 2.23548564e-06
1.58838851e+00 1.08879346e-04 2.23548564e-06
1.57266190e+00 1.09108071e-04 2.23548564e-06
1.55709099e+00 1.09711779e-04 2.23548564e-06
1.54167424e+00 1.10023802e-04 2.23548564e-06
1.52641014e+00 1.10292649e-04 2.23548564e-06
1.51129717e+00 1.10404575e-04 2.23548564e-06
1.49633383e+00 1.11007106e-04 2.23548564e-06
1.48151865e+00 1.11041654e-04 2.23548564e-06
1.46685014e+00 1.11130976e-04 2.23548564e-06
1.45232688e+00 1.11491173e-04 2.23548564e-06
1.43794740e+00 1.11639708e-04 2.23548564e-06
1.42371030e+00 1.11785110e-04 2.23548564e-06
1.40961416e+00 1.11466681e-04 2.23548564e-06
1.39565758e+00 1.11323246e-04 2.23548564e-06
1.38183919e+00 1.11285855e-04 2.23548564e-06
1.36815761e+00 1.11638419e-04 2.23548564e-06
1.35461150e+00 1.11181880e-04 2.23548564e-06
1.34119950e+00 1.11086803e-04 2.23548564e-06
1.32792030e+00 1.08521811e-04 2.23548564e-06
1.31477257e+00 1.07643505e-04 2.23548564e-06
1.30175502e+00 1.07328070e-04 2.23548564e-06
1.28886636e+00 1.07087112e-04 2.23548564e-06
1.27610531e+00 1.07088564e-04 2.23548564e-06
1.26347060e+00 1.06975341e-04 2.23548564e-06
1.25096099e+00 1.06933845e-04 2.23548564e-06
1.23857524e+00 1.07274016e-04 2.23548564e-06
1.22631212e+00 1.07528405e-04 2.23548564e-06
1.21417041e+00 1.07733916e-04 2.23548564e-06
1.20214892e+00 1.08094213e-04 2.23548564e-06
1.19024646e+00 1.08385629e-04 2.23548564e-06
1.17846184e+00 1.08883266e-04 2.23548564e-06
1.16679390e+00 1.08913690e-04 2.23548564e-06
1.15524149e+00 1.08854217e-04 2.23548564e-06
1.14380345e+00 1.08617175e-04 2.23548564e-06
1.13247867e+00 1.08936099e-04 2.23548564e-06
1.12126601e+00 1.08456352e-04 2.23548564e-06
1.11016436e+00 1.08413216e-04 2.23548564e-06
1.09917264e+00 1.07793691e-04 2.23548564e-06
1.08828974e+00 1.06780811e-04 2.23548564e-06
1.07751459e+00 1.05949775e-04 2.23548564e-06
1.06684613e+00 1.05890315e-04 2.23548564e-06
1.05628330e+00 1.05957334e-04 2.23548564e-06
1.04582505e+00 1.06038773e-04 2.23548564e-06
1.03547034e+00 1.06208819e-04 2.23548564e-06
1.02521816e+00 1.06593205e-04 2.23548564e-06
1.01506749e+00 1.06756340e-04 2.23548564e-06
1.00501732e+00 1.07088179e-04 2.23548564e-06
9.95066649e-01 1.07455945e-04 2.23548564e-06
9.85214504e-01 1.07769454e-04 2.23548564e-06
9.75459905e-01 1.07877353e-04 2.23548564e-06
9.65801886e-01 1.07901152e-04 2.23548564e-06
9.56239491e-01 1.07908583e-04 2.23548564e-06
9.46771773e-01 1.07916653e-04 2.23548564e-06
9.37397795e-01 1.08202665e-04 2.23548564e-06
9.28116629e-01 1.07947972e-04 2.23548564e-06
9.18927355e-01 1.06575804e-04 2.23548564e-06
9.09829065e-01 1.06117353e-04 2.23548564e-06
9.00820856e-01 1.06242086e-04 2.23548564e-06
8.91901838e-01 1.06060102e-04 2.23548564e-06
8.83071126e-01 1.05529230e-04 2.23548564e-06
8.74327848e-01 1.05618029e-04 2.23548564e-06
8.65671137e-01 1.05719719e-04 2.23548564e-06
8.57100135e-01 1.05838979e-04 2.23548564e-06
8.48613995e-01 1.06082886e-04 2.23548564e-06
8.40211877e-01 1.06183423e-04 2.23548564e-06
8.31892947e-01 1.06226314e-04 2.23548564e-06
8.23656383e-01 1.06223762e-04 2.23548564e-06
8.15501370e-01 1.06293961e-04 2.23548564e-06
8.07427099e-01 1.06040898e-04 2.23548564e-06
7.99432771e-01 1.05767580e-04 2.23548564e-06
7.91517595e-01 1.05749457e-04 2.23548564e-06
7.83680787e-01 1.05772495e-04 2.23548564e-06
7.75921571e-01 1.05779652e-04 2.23548564e-06
7.68239180e-01 1.05832446e-04 2.23548564e-06
7.60632851e-01 1.05940502e-04 2.23548564e-06
7.53101833e-01 1.06130966e-04 2.23548564e-06
7.45645379e-01 1.06196168e-04 2.23548564e-06
