# wavelength(micron) (rp/rs)^2 sqrt((rp/rs)^2)
1.25892541e+01 6.26202828e-04 2.50240450e-02
1.25458040e+01 6.31662714e-04 2.51329010e-02
1.25025039e+01 6.29323630e-04 2.50863236e-02
1.24593531e+01 6.32571974e-04 2.51509836e-02
1.24163514e+01 6.32090523e-04 2.51414105e-02
1.23734980e+01 6.26179776e-04 2.50235844e-02
1.23307925e+01 6.28515474e-04 2.50702109e-02
1.22882345e+01 6.28186529e-04 2.50636496e-02
1.22458233e+01 6.29279127e-04 2.50854366e-02
1.22035585e+01 6.30172825e-04 2.51032433e-02
1.21614395e+01 6.30374723e-04 2.51072643e-02
1.21194660e+01 6.31973761e-04 2.51390883e-02
1.20776373e+01 6.25688581e-04 2.50137678e-02
1.20359529e+01 6.30042935e-04 2.51006561e-02
1.19944125e+01 6.30115758e-04 2.51021066e-02
1.19530154e+01 6.34634856e-04 2.51919601e-02
1.19117611e+01 6.28157825e-04 2.50630769e-02
1.18706493e+01 6.23677270e-04 2.49735314e-02
1.18296793e+01 6.28910868e-04 2.50780954e-02
1.17888508e+01 6.32485335e-04 2.51492611e-02
1.17481632e+01 6.31787327e-04 2.51353800e-02
1.17076160e+01 6.27791698e-04 2.50557718e-02
1.16672087e+01 6.26747443e-04 2.50349245e-02
1.16269409e+01 6.25222204e-04 2.50044437e-02
1.15868121e+01 6.30764488e-04 2.51150251e-02
1.15468218e+01 6.27322803e-04 2.50464130e-02
1.15069695e+01 6.24399856e-04 2.49879942e-02
1.14672547e+01 6.29601241e-04 2.50918561e-02
1.14276770e+01 6.21279675e-04 2.49254824e-02
1.13882359e+01 6.25379778e-04 2.50075944e-02
1.13489310e+01 6.25765278e-04 2.50153009e-02
1.13097617e+01 6.27129179e-04 2.50425474e-02
1.12707276e+01 6.26815118e-04 2.50362760e-02
1.12318282e+01 6.26655726e-04 2.50330926e-02
1.11930630e+01 6.30879677e-04 2.51173183e-02
1.11544317e+01 6.28879167e-04 2.50774633e-02
1.11159337e+01 6.25443856e-04 2.50088755e-02
1.10775685e+01 6.26974507e-04 2.50394590e-02
1.10393358e+01 6.27455601e-04 2.50490639e-02
1.10012350e+01 6.28454891e-04 2.50690026e-02
1.09632657e+01 6.25187422e-04 2.50037482e-02
1.09254275e+01 6.24962417e-04 2.49992483e-02
1.08877198e+01 6.31998873e-04 2.51395878e-02
1.08501423e+01 6.24619904e-04 2.49923969e-02
1.08126945e+01 6.21924105e-04 2.49384062e-02
1.07753760e+01 6.29416649e-04 2.50881775e-02
1.07381862e+01 6.27119565e-04 2.50423554e-02
1.07011248e+01 6.26050951e-04 2.50210102e-02
1.06641913e+01 6.28504362e-04 2.50699893e-02
1.06273853e+01 6.31809975e-04 2.51358305e-02
1.05907063e+01 6.29372087e-04 2.50872894e-02
1.05541539e+01 6.30696204e-04 2.51136657e-02
1.05177277e+01 6.26886137e-04 2.50376943e-02
1.04814272e+01 6.30393233e-04 2.51076330e-02
1.04452519e+01 6.22572754e-04 2.49514078e-02
1.04092015e+01 6.30990685e-04 2.51195280e-02
1.03732756e+01 6.28294068e-04 2.50657948e-02
1.03374736e+01 6.25188063e-04 2.50037610e-02
1.03017952e+01 6.34344898e-04 2.51862045e-02
1.02662400e+01 6.30282209e-04 2.51054219e-02
1.02308074e+01 6.30950586e-04 2.51187298e-02
1.01954972e+01 6.28123003e-04 2.50623822e-02
1.01603088e+01 6.26945066e-04 2.50388711e-02
1.01252418e+01 6.30897560e-04 2.51176743e-02
1.00902959e+01 6.29627837e-04 2.50923860e-02
1.00554706e+01 6.31146017e-04 2.51226196e-02
1.00207655e+01 6.31315728e-04 2.51259971e-02
9.98618022e+00 6.33245459e-04 2.51643688e-02
9.95171426e+00 6.34594159e-04 2.51911524e-02
9.91736726e+00 6.32067300e-04 2.51409487e-02
9.88313880e+00 6.33531843e-04 2.51700585e-02
9.84902848e+00 6.34072810e-04 2.51808024e-02
9.81503589e+00 6.34092617e-04 2.51811957e-02
9.78116061e+00 6.37611191e-04 2.52509642e-02
9.74740226e+00 6.37754147e-04 2.52537947e-02
9.71376041e+00 6.39692872e-04 2.52921504e-02
9.68023467e+00 6.37450882e-04 2.52477897e-02
9.64682465e+00 6.40297537e-04 2.53041012e-02
9.61352993e+00 6.40443215e-04 2.53069796e-02
9.58035013e+00 6.39008262e-04 2.52786127e-02
9.54728484e+00 6.38322941e-04 2.52650538e-02
9.51433367e+00 6.41950597e-04 2.53367440e-02
9.48149623e+00 6.42013877e-04 2.53379928e-02
9.44877213e+00 6.44226215e-04 2.53816118e-02
9.41616096e+00 6.45383122e-04 2.54043918e-02
9.38366235e+00 6.42882871e-04 2.53551350e-02
9.35127591e+00 6.44293283e-04 2.53829329e-02
9.31900124e+00 6.44365076e-04 2.53843471e-02
9.28683796e+00 6.45689141e-04 2.54104140e-02
9.25478569e+00 6.45587154e-04 2.54084072e-02
9.22284404e+00 6.45734344e-04 2.54113035e-02
9.19101264e+00 6.48046544e-04 2.54567583e-02
9.15929110e+00 6.47083410e-04 2.54378342e-02
9.12767904e+00 6.47917321e-04 2.54542201e-02
9.09617608e+00 6.48406328e-04 2.54638239e-02
9.06478186e+00 6.49783373e-04 2.54908488e-02
9.03349598e+00 6.48908076e-04 2.54736742e-02
9.00231809e+00 6.49873778e-04 2.54926220e-02
8.97124780e+00 6.50831531e-04 2.55114000e-02
8.94028475e+00 6.51153501e-04 2.55177095e-02
8.90942856e+00 6.51283556e-04 2.55202578e-02
8.87867887e+00 6.50984985e-04 2.55144074e-02
8.84803530e+00 6.51025185e-04 2.55151952e-02
8.81749750e+00 6.52709198e-04 2.55481741e-02
8.78706510e+00 6.51781579e-04 2.55300133e-02
8.75673773e+00 6.52956126e-04 2.55530062e-02
8.72651503e+00 6.52077617e-04 2.55358105e-02
8.69639664e+00 6.52881652e-04 2.55515489e-02
8.66638219e+00 6.52714946e-04 2.55482865e-02
8.63647134e+00 6.52889145e-04 2.55516955e-02
8.60666373e+00 6.53042852e-04 2.55547031e-02
8.57695899e+00 6.53344894e-04 2.55606122e-02
8.54735677e+00 6.53748139e-04 2.55684990e-02
8.51785672e+00 6.53529468e-04 2.55642224e-02
8.48845848e+00 6.53614429e-04 2.55658841e-02
8.45916171e+00 6.53697239e-04 2.55675036e-02
8.42996605e+00 6.53622777e-04 2.55660473e-02
8.40087116e+00 6.53816150e-04 2.55698289e-02
8.37187669e+00 6.53725757e-04 2.55680613e-02
8.34298228e+00 6.53937269e-04 2.55721972e-02
8.31418760e+00 6.53972581e-04 2.55728876e-02
8.28549231e+00 6.54092143e-04 2.55752252e-02
8.25689604e+00 6.54021588e-04 2.55738458e-02
8.22839848e+00 6.53892983e-04 2.55713313e-02
8.19999927e+00 6.54029032e-04 2.55739913e-02
8.17169808e+00 6.54072466e-04 2.55748405e-02
8.14349456e+00 6.53976696e-04 2.55729681e-02
8.11538839e+00 6.53927946e-04 2.55720149e-02
8.08737922e+00 6.54153344e-04 2.55764216e-02
8.05946672e+00 6.54077354e-04 2.55749361e-02
8.03165056e+00 6.54050078e-04 2.55744028e-02
8.00393040e+00 6.54137742e-04 2.55761166e-02
7.97630591e+00 6.54253337e-04 2.55783764e-02
7.94877676e+00 6.54258126e-04 2.55784700e-02
7.92134263e+00 6.54292829e-04 2.55791483e-02
7.89400319e+00 6.54327428e-04 2.55798246e-02
7.86675810e+00 6.54339214e-04 2.55800550e-02
7.83960704e+00 6.54341855e-04 2.55801066e-02
7.81254969e+00 6.54346556e-04 2.55801985e-02
7.78558573e+00 6.54346101e-04 2.55801896e-02
7.75871483e+00 6.54341477e-04 2.55800992e-02
7.73193667e+00 6.54325990e-04 2.55797965e-02
7.70525093e+00 6.54305979e-04 2.55794054e-02
7.67865730e+00 6.54132230e-04 2.55760089e-02
7.65215545e+00 6.53799976e-04 2.55695126e-02
7.62574506e+00 6.53844983e-04 2.55703927e-02
7.59942583e+00 6.54067769e-04 2.55747487e-02
7.57319744e+00 6.53997874e-04 2.55733821e-02
7.54705957e+00 6.54085604e-04 2.55750973e-02
7.52101191e+00 6.54171113e-04 2.55767690e-02
7.49505415e+00 6.54264378e-04 2.55785922e-02
7.46918598e+00 6.54294334e-04 2.55791778e-02
7.44340709e+00 6.54305588e-04 2.55793977e-02
7.41771717e+00 6.54287276e-04 2.55790398e-02
7.39211592e+00 6.54301186e-04 2.55793117e-02
7.36660303e+00 6.54325986e-04 2.55797964e-02
7.34117819e+00 6.54311453e-04 2.55795124e-02
7.31584110e+00 6.54243136e-04 2.55781770e-02
7.29059146e+00 6.54234003e-04 2.55779984e-02
7.26542897e+00 6.54207097e-04 2.55774725e-02
7.24035332e+00 6.54217536e-04 2.55776765e-02
7.21536422e+00 6.54139792e-04 2.55761567e-02
7.19046136e+00 6.54064282e-04 2.55746805e-02
7.16564445e+00 6.54050620e-04 2.55744134e-02
7.14091319e+00 6.53929660e-04 2.55720484e-02
7.11626729e+00 6.53983401e-04 2.55730992e-02
7.09170646e+00 6.53330757e-04 2.55603356e-02
7.06723039e+00 6.53307036e-04 2.55598716e-02
7.04283879e+00 6.52496916e-04 2.55440192e-02
7.01853138e+00 6.52959757e-04 2.55530772e-02
6.99430787e+00 6.52320606e-04 2.55405678e-02
6.97016796e+00 6.51735551e-04 2.55291118e-02
6.94611136e+00 6.52051855e-04 2.55353061e-02
6.92213779e+00 6.52146029e-04 2.55371500e-02
6.89824697e+00 6.51454863e-04 2.55236138e-02
6.87443860e+00 6.52047947e-04 2.55352295e-02
6.85071240e+00 6.51292349e-04 2.55204300e-02
6.82706809e+00 6.51652965e-04 2.55274943e-02
6.80350538e+00 6.51650951e-04 2.55274549e-02
6.78002400e+00 6.51832128e-04 2.55310033e-02
6.75662366e+00 6.51730533e-04 2.55290136e-02
6.73330408e+00 6.49794122e-04 2.54910597e-02
6.71006499e+00 6.49463469e-04 2.54845732e-02
6.68690611e+00 6.50303912e-04 2.55010571e-02
6.66382715e+00 6.51061000e-04 2.55158970e-02
6.64082785e+00 6.50493573e-04 2.55047755e-02
6.61790793e+00 6.48847898e-04 2.54724930e-02
6.59506711e+00 6.51531918e-04 2.55251233e-02
6.57230512e+00 6.50007888e-04 2.54952523e-02
6.54962170e+00 6.50320009e-04 2.55013727e-02
6.52701656e+00 6.50855760e-04 2.55118749e-02
6.50448944e+00 6.51272653e-04 2.55200442e-02
6.48204007e+00 6.52384435e-04 2.55418174e-02
6.45966819e+00 6.51357578e-04 2.55217080e-02
6.43737351e+00 6.51694573e-04 2.55283092e-02
6.41515579e+00 6.51167029e-04 2.55179746e-02
6.39301474e+00 6.50197936e-04 2.54989791e-02
6.37095011e+00 6.49234053e-04 2.54800717e-02
6.34896163e+00 6.50567693e-04 2.55062285e-02
6.32704905e+00 6.49182906e-04 2.54790680e-02
6.30521209e+00 6.49874685e-04 2.54926398e-02
6.28345050e+00 6.49402235e-04 2.54833717e-02
6.26176402e+00 6.49910500e-04 2.54933423e-02
6.24015238e+00 6.49447116e-04 2.54842523e-02
6.21861534e+00 6.48779211e-04 2.54711447e-02
6.19715262e+00 6.48844704e-04 2.54724303e-02
6.17576399e+00 6.49780168e-04 2.54907860e-02
6.15444917e+00 6.50229494e-04 2.54995979e-02
6.13320792e+00 6.49209120e-04 2.54795824e-02
6.11203998e+00 6.49956219e-04 2.54942389e-02
6.09094509e+00 6.49448000e-04 2.54842697e-02
6.06992302e+00 6.48456888e-04 2.54648167e-02
6.04897350e+00 6.49759446e-04 2.54903795e-02
6.02809628e+00 6.49816364e-04 2.54914959e-02
6.00729112e+00 6.48003996e-04 2.54559226e-02
5.98655776e+00 6.49289652e-04 2.54811627e-02
5.96589596e+00 6.48253867e-04 2.54608300e-02
5.94530548e+00 6.48198055e-04 2.54597340e-02
5.92478606e+00 6.47868047e-04 2.54532522e-02
5.90433746e+00 6.48258244e-04 2.54609160e-02
5.88395943e+00 6.49515840e-04 2.54856006e-02
5.86365174e+00 6.49183452e-04 2.54790787e-02
5.84341413e+00 6.51022914e-04 2.55151507e-02
5.82324638e+00 6.50896909e-04 2.55126813e-02
5.80314823e+00 6.48978537e-04 2.54750572e-02
5.78311944e+00 6.49397472e-04 2.54832783e-02
5.76315978e+00 6.48773506e-04 2.54710327e-02
5.74326902e+00 6.46725605e-04 2.54308003e-02
5.72344690e+00 6.47647984e-04 2.54489289e-02
5.70369319e+00 6.47596135e-04 2.54479102e-02
5.68400766e+00 6.48035099e-04 2.54565335e-02
5.66439007e+00 6.48023098e-04 2.54562978e-02
5.64484020e+00 6.47684197e-04 2.54496404e-02
5.62535779e+00 6.47499147e-04 2.54460045e-02
5.60594263e+00 6.48884276e-04 2.54732070e-02
5.58659447e+00 6.49981537e-04 2.54947355e-02
5.56731309e+00 6.47219027e-04 2.54404997e-02
5.54809826e+00 6.49748459e-04 2.54901640e-02
5.52894975e+00 6.49752608e-04 2.54902454e-02
5.50986732e+00 6.49245249e-04 2.54802914e-02
5.49085076e+00 6.47587662e-04 2.54477437e-02
5.47189983e+00 6.48815425e-04 2.54718556e-02
5.45301430e+00 6.47740741e-04 2.54507513e-02
5.43419396e+00 6.47148077e-04 2.54391053e-02
5.41543857e+00 6.49060691e-04 2.54766695e-02
5.39674791e+00 6.47472026e-04 2.54454716e-02
5.37812176e+00 6.45058807e-04 2.53980079e-02
5.35955990e+00 6.49909435e-04 2.54933214e-02
5.34106210e+00 6.46018262e-04 2.54168893e-02
5.32262815e+00 6.46611058e-04 2.54285481e-02
5.30425781e+00 6.45822109e-04 2.54130303e-02
5.28595088e+00 6.48497102e-04 2.54656062e-02
5.26770713e+00 6.45197491e-04 2.54007380e-02
5.24952635e+00 6.46085261e-04 2.54182073e-02
5.23140832e+00 6.45681942e-04 2.54102724e-02
5.21335282e+00 6.44377473e-04 2.53845912e-02
5.19535963e+00 6.45754482e-04 2.54116997e-02
5.17742855e+00 6.45169901e-04 2.54001949e-02
5.15955935e+00 6.41903686e-04 2.53358182e-02
5.14175183e+00 6.45726258e-04 2.54111444e-02
5.12400576e+00 6.44056450e-04 2.53782673e-02
5.10632095e+00 6.45373690e-04 2.54042061e-02
5.08869717e+00 6.42466568e-04 2.53469242e-02
5.07113422e+00 6.44009267e-04 2.53773377e-02
5.05363188e+00 6.41286354e-04 2.53236323e-02
5.03618995e+00 6.41703188e-04 2.53318611e-02
5.01880822e+00 6.45201335e-04 2.54008137e-02
5.00148648e+00 6.40561285e-04 2.53093122e-02
4.98422452e+00 6.44477334e-04 2.53865581e-02
4.96702214e+00 6.40989897e-04 2.53177783e-02
4.94987914e+00 6.43297671e-04 2.53633135e-02
4.93279529e+00 6.40386941e-04 2.53058677e-02
4.91577042e+00 6.39621681e-04 2.52907430e-02
4.89880430e+00 6.40962285e-04 2.53172330e-02
4.88189673e+00 6.37401480e-04 2.52468113e-02
4.86504752e+00 6.40391974e-04 2.53059672e-02
4.84825647e+00 6.34823934e-04 2.51957126e-02
4.83152336e+00 6.41731461e-04 2.53324192e-02
4.81484801e+00 6.37706956e-04 2.52528604e-02
4.79823021e+00 6.35156237e-04 2.52023062e-02
4.78166977e+00 6.40716436e-04 2.53123771e-02
4.76516648e+00 6.40991595e-04 2.53178118e-02
4.74872015e+00 6.35967190e-04 2.52183899e-02
4.73233058e+00 6.40524908e-04 2.53085936e-02
4.71599758e+00 6.38386249e-04 2.52663066e-02
4.69972095e+00 6.36760544e-04 2.52341147e-02
4.68350050e+00 6.33700318e-04 2.51734050e-02
4.66733603e+00 6.38249954e-04 2.52636093e-02
4.65122734e+00 6.36886010e-04 2.52366006e-02
4.63517426e+00 6.36536966e-04 2.52296842e-02
4.61917658e+00 6.34309193e-04 2.51854957e-02
4.60323411e+00 6.34630983e-04 2.51918833e-02
4.58734667e+00 6.29338056e-04 2.50866111e-02
4.57151406e+00 6.35578259e-04 2.52106775e-02
4.55573610e+00 6.33240656e-04 2.51642734e-02
4.54001259e+00 6.31523548e-04 2.51301323e-02
4.52434335e+00 6.32683406e-04 2.51531987e-02
4.50872819e+00 6.33840983e-04 2.51761987e-02
4.49316692e+00 6.35702893e-04 2.52131492e-02
4.47765936e+00 6.34349657e-04 2.51862990e-02
4.46220532e+00 6.37586450e-04 2.52504743e-02
4.44680462e+00 6.39370591e-04 2.52857784e-02
4.43145707e+00 6.38881171e-04 2.52760988e-02
4.41616249e+00 6.37100432e-04 2.52408485e-02
4.40092070e+00 6.39431871e-04 2.52869902e-02
4.38573152e+00 6.38938114e-04 2.52772252e-02
4.37059476e+00 6.40703602e-04 2.53121236e-02
4.35551024e+00 6.36996637e-04 2.52387923e-02
4.34047778e+00 6.43162495e-04 2.53606486e-02
4.32549721e+00 6.37781342e-04 2.52543331e-02
4.31056834e+00 6.42221905e-04 2.53420975e-02
4.29569099e+00 6.42288546e-04 2.53434123e-02
4.28086499e+00 6.41484049e-04 2.53275354e-02
4.26609016e+00 6.40112204e-04 2.53004388e-02
4.25136633e+00 6.39490308e-04 2.52881456e-02
4.23669331e+00 6.41405897e-04 2.53259925e-02
4.22207093e+00 6.40061494e-04 2.52994366e-02
4.20749903e+00 6.38049272e-04 2.52596372e-02
4.19297741e+00 6.35111302e-04 2.52014147e-02
4.17850591e+00 6.36406788e-04 2.52271042e-02
4.16408436e+00 6.36800268e-04 2.52349018e-02
4.14971259e+00 6.34763000e-04 2.51945034e-02
4.13539041e+00 6.33637591e-04 2.51721590e-02
4.12111767e+00 6.34241235e-04 2.51841465e-02
4.10689419e+00 6.36230003e-04 2.52236001e-02
4.09271979e+00 6.36087205e-04 2.52207693e-02
4.07859432e+00 6.36946655e-04 2.52378021e-02
4.06451761e+00 6.36599210e-04 2.52309177e-02
4.05048947e+00 6.35681582e-04 2.52127266e-02
4.03650975e+00 6.36381984e-04 2.52266126e-02
4.02257828e+00 6.37462522e-04 2.52480202e-02
4.00869489e+00 6.37390225e-04 2.52465884e-02
3.99485942e+00 6.37814901e-04 2.52549975e-02
3.98107171e+00 6.38663556e-04 2.52717937e-02
3.96733157e+00 6.39112773e-04 2.52806798e-02
3.95363886e+00 6.40222414e-04 2.53026167e-02
3.93999341e+00 6.38752916e-04 2.52735616e-02
3.92639505e+00 6.40062409e-04 2.52994547e-02
3.91284363e+00 6.41193115e-04 2.53217913e-02
3.89933898e+00 6.41507728e-04 2.53280028e-02
3.88588093e+00 6.43053536e-04 2.53585003e-02
3.87246934e+00 6.41919807e-04 2.53361364e-02
3.85910403e+00 6.42839628e-04 2.53542822e-02
3.84578486e+00 6.44249215e-04 2.53820648e-02
3.83251165e+00 6.44848833e-04 2.53938739e-02
3.81928425e+00 6.45793833e-04 2.54124740e-02
3.80610251e+00 6.46103043e-04 2.54185571e-02
3.79296626e+00 6.46902855e-04 2.54342850e-02
3.77987534e+00 6.47348840e-04 2.54430509e-02
3.76682961e+00 6.48368729e-04 2.54630856e-02
3.75382891e+00 6.48428722e-04 2.54642636e-02
3.74087307e+00 6.49254220e-04 2.54804674e-02
3.72796195e+00 6.49749705e-04 2.54901884e-02
3.71509540e+00 6.50152921e-04 2.54980964e-02
3.70227324e+00 6.51396526e-04 2.55224710e-02
3.68949535e+00 6.51346489e-04 2.55214907e-02
3.67676155e+00 6.52058681e-04 2.55354397e-02
3.66407170e+00 6.52484085e-04 2.55437680e-02
3.65142565e+00 6.52919055e-04 2.55522808e-02
3.63882325e+00 6.53097153e-04 2.55557655e-02
3.62626434e+00 6.53395519e-04 2.55616024e-02
3.61374878e+00 6.53536431e-04 2.55643586e-02
3.60127641e+00 6.53723859e-04 2.55680241e-02
3.58884709e+00 6.53828850e-04 2.55700772e-02
3.57646067e+00 6.53981906e-04 2.55730699e-02
3.56411700e+00 6.54074243e-04 2.55748752e-02
3.55181593e+00 6.54174719e-04 2.55768395e-02
3.53955731e+00 6.54112620e-04 2.55756255e-02
3.52734101e+00 6.54141916e-04 2.55761982e-02
3.51516687e+00 6.54141289e-04 2.55761860e-02
3.50303474e+00 6.54074619e-04 2.55748826e-02
3.49094449e+00 6.54160464e-04 2.55765608e-02
3.47889596e+00 6.54217159e-04 2.55776692e-02
3.46688902e+00 6.54167049e-04 2.55766896e-02
3.45492352e+00 6.54205043e-04 2.55774323e-02
3.44299932e+00 6.54261677e-04 2.55785394e-02
3.43111627e+00 6.54256256e-04 2.55784334e-02
3.41927424e+00 6.54233898e-04 2.55779964e-02
3.40747307e+00 6.54212080e-04 2.55775699e-02
3.39571264e+00 6.54171886e-04 2.55767841e-02
3.38399279e+00 6.54224728e-04 2.55778171e-02
3.37231340e+00 6.54325537e-04 2.55797877e-02
3.36067431e+00 6.54345947e-04 2.55801866e-02
3.34907540e+00 6.54347100e-04 2.55802092e-02
3.33751652e+00 6.54347105e-04 2.55802092e-02
3.32599753e+00 6.54347031e-04 2.55802078e-02
3.31451829e+00 6.54336574e-04 2.55800034e-02
3.30307868e+00 6.54221748e-04 2.55777589e-02
3.29167855e+00 6.54089634e-04 2.55751761e-02
3.28031776e+00 6.54173727e-04 2.55768201e-02
3.26899619e+00 6.54161966e-04 2.55765902e-02
3.25771369e+00 6.54234290e-04 2.55780040e-02
3.24647013e+00 6.54233322e-04 2.55779851e-02
3.23526538e+00 6.54306567e-04 2.55794169e-02
3.22409929e+00 6.54291919e-04 2.55791305e-02
3.21297175e+00 6.54306588e-04 2.55794173e-02
3.20188261e+00 6.54325919e-04 2.55797951e-02
3.19083174e+00 6.54319258e-04 2.55796649e-02
3.17981902e+00 6.54328705e-04 2.55798496e-02
3.16884430e+00 6.54302301e-04 2.55793335e-02
3.15790746e+00 6.54310259e-04 2.55794890e-02
3.14700837e+00 6.54292299e-04 2.55791380e-02
3.13614689e+00 6.54288568e-04 2.55790650e-02
3.12532291e+00 6.54243942e-04 2.55781927e-02
3.11453627e+00 6.54178587e-04 2.55769151e-02
3.10378687e+00 6.54030418e-04 2.55740184e-02
3.09307457e+00 6.53888898e-04 2.55712514e-02
3.08239924e+00 6.53711002e-04 2.55677727e-02
3.07176075e+00 6.53483123e-04 2.55633160e-02
3.06115899e+00 6.53137136e-04 2.55565478e-02
3.05059381e+00 6.53082301e-04 2.55554750e-02
3.04006509e+00 6.52431647e-04 2.55427416e-02
3.02957272e+00 6.52232709e-04 2.55388471e-02
3.01911656e+00 6.51314673e-04 2.55208674e-02
3.00869648e+00 6.52238032e-04 2.55389513e-02
2.99831237e+00 6.49154328e-04 2.54785072e-02
2.98796410e+00 6.50966719e-04 2.55140494e-02
2.97765155e+00 6.49071972e-04 2.54768909e-02
2.96737458e+00 6.50143089e-04 2.54979036e-02
2.95713309e+00 6.48601400e-04 2.54676540e-02
2.94692694e+00 6.49991380e-04 2.54949285e-02
2.93675602e+00 6.48840690e-04 2.54723515e-02
2.92662020e+00 6.48648687e-04 2.54685823e-02
2.91651937e+00 6.48069879e-04 2.54572166e-02
2.90645339e+00 6.48717802e-04 2.54699392e-02
2.89642216e+00 6.47782649e-04 2.54515746e-02
2.88642555e+00 6.45218679e-04 2.54011551e-02
2.87646344e+00 6.45672187e-04 2.54100804e-02
2.86653572e+00 6.46637816e-04 2.54290742e-02
2.85664225e+00 6.47289847e-04 2.54418916e-02
2.84678294e+00 6.49140836e-04 2.54782424e-02
2.83695765e+00 6.47012262e-04 2.54364357e-02
2.82716627e+00 6.48210748e-04 2.54599833e-02
2.81740869e+00 6.50035306e-04 2.54957900e-02
2.80768478e+00 6.48043376e-04 2.54566961e-02
2.79799444e+00 6.46588898e-04 2.54281124e-02
2.78833754e+00 6.45286156e-04 2.54024833e-02
2.77871397e+00 6.47660461e-04 2.54491741e-02
2.76912361e+00 6.49156014e-04 2.54785403e-02
2.75956635e+00 6.46754804e-04 2.54313744e-02
2.75004208e+00 6.47621241e-04 2.54484035e-02
2.74055068e+00 6.46853578e-04 2.54333163e-02
2.73109204e+00 6.45562407e-04 2.54079202e-02
2.72166604e+00 6.45778098e-04 2.54121644e-02
2.71227258e+00 6.46157213e-04 2.54196226e-02
2.70291154e+00 6.45615857e-04 2.54089720e-02
2.69358280e+00 6.45574948e-04 2.54081670e-02
2.68428626e+00 6.46226740e-04 2.54209901e-02
2.67502181e+00 6.46913791e-04 2.54345000e-02
2.66578933e+00 6.46221516e-04 2.54208874e-02
2.65658872e+00 6.45162152e-04 2.54000424e-02
2.64741986e+00 6.47949749e-04 2.54548571e-02
2.63828265e+00 6.47202045e-04 2.54401660e-02
2.62917697e+00 6.48850633e-04 2.54725467e-02
2.62010272e+00 6.48203449e-04 2.54598399e-02
2.61105979e+00 6.47556737e-04 2.54471361e-02
2.60204807e+00 6.48117556e-04 2.54581530e-02
2.59306745e+00 6.48372162e-04 2.54631530e-02
2.58411783e+00 6.48093518e-04 2.54576809e-02
2.57519909e+00 6.49166260e-04 2.54787413e-02
2.56631114e+00 6.48658906e-04 2.54687830e-02
2.55745386e+00 6.47686982e-04 2.54496951e-02
2.54862716e+00 6.47898780e-04 2.54538559e-02
2.53983091e+00 6.48539716e-04 2.54664429e-02
2.53106503e+00 6.47578781e-04 2.54475692e-02
2.52232940e+00 6.47827488e-04 2.54524554e-02
2.51362392e+00 6.49597712e-04 2.54872068e-02
2.50494848e+00 6.48919723e-04 2.54739028e-02
2.49630299e+00 6.49079193e-04 2.54770327e-02
2.48768734e+00 6.48799715e-04 2.54715472e-02
2.47910142e+00 6.49065058e-04 2.54767552e-02
2.47054514e+00 6.48091193e-04 2.54576353e-02
2.46201838e+00 6.49443258e-04 2.54841766e-02
2.45352106e+00 6.48599906e-04 2.54676247e-02
2.44505306e+00 6.49347486e-04 2.54822975e-02
2.43661429e+00 6.49887006e-04 2.54928815e-02
2.42820464e+00 6.49685677e-04 2.54889324e-02
2.41982402e+00 6.49963825e-04 2.54943881e-02
2.41147233e+00 6.50227431e-04 2.54995575e-02
2.40314945e+00 6.50064054e-04 2.54963537e-02
2.39485531e+00 6.50811122e-04 2.55110000e-02
2.38658979e+00 6.51831024e-04 2.55309816e-02
2.37835279e+00 6.52025456e-04 2.55347891e-02
2.37014423e+00 6.51136737e-04 2.55173811e-02
2.36196400e+00 6.51052197e-04 2.55157245e-02
2.35381200e+00 6.51304133e-04 2.55206609e-02
2.34568813e+00 6.51845880e-04 2.55312726e-02
2.33759230e+00 6.51944147e-04 2.55331970e-02
2.32952442e+00 6.51772329e-04 2.55298321e-02
2.32148438e+00 6.50522491e-04 2.55053424e-02
2.31347209e+00 6.48853993e-04 2.54726126e-02
2.30548745e+00 6.49056801e-04 2.54765932e-02
2.29753037e+00 6.51122550e-04 2.55171031e-02
2.28960076e+00 6.50400752e-04 2.55029557e-02
2.28169851e+00 6.50579411e-04 2.55064582e-02
2.27382353e+00 6.49527791e-04 2.54858351e-02
2.26597574e+00 6.49594208e-04 2.54871381e-02
2.25815503e+00 6.49279902e-04 2.54809714e-02
2.25036131e+00 6.48858312e-04 2.54726974e-02
2.24259449e+00 6.48039353e-04 2.54566171e-02
2.23485448e+00 6.46591944e-04 2.54281722e-02
2.22714118e+00 6.46610196e-04 2.54285311e-02
2.21945450e+00 6.47160865e-04 2.54393566e-02
2.21179435e+00 6.48011374e-04 2.54560675e-02
2.20416064e+00 6.47824381e-04 2.54523944e-02
2.19655328e+00 6.44159435e-04 2.53802962e-02
2.18897217e+00 6.41104913e-04 2.53200496e-02
2.18141723e+00 6.39400226e-04 2.52863644e-02
2.17388836e+00 6.37729481e-04 2.52533063e-02
2.16638548e+00 6.36950222e-04 2.52378728e-02
2.15890849e+00 6.35390967e-04 2.52069627e-02
2.15145731e+00 6.36040346e-04 2.52198403e-02
2.14403184e+00 6.33730234e-04 2.51739992e-02
2.13663201e+00 6.30781189e-04 2.51153576e-02
2.12925771e+00 6.33140403e-04 2.51622814e-02
2.12190886e+00 6.30316663e-04 2.51061081e-02
2.11458538e+00 6.29159293e-04 2.50830479e-02
2.10728717e+00 6.32161213e-04 2.51428163e-02
2.10001416e+00 6.29230630e-04 2.50844699e-02
2.09276624e+00 6.30798083e-04 2.51156939e-02
2.08554334e+00 6.31977522e-04 2.51391631e-02
2.07834537e+00 6.30161560e-04 2.51030189e-02
2.07117224e+00 6.33341054e-04 2.51662682e-02
2.06402387e+00 6.36010941e-04 2.52192573e-02
2.05690017e+00 6.35000582e-04 2.51992179e-02
2.04980105e+00 6.33931131e-04 2.51779890e-02
2.04272644e+00 6.37192707e-04 2.52426763e-02
2.03567624e+00 6.38884826e-04 2.52761711e-02
2.02865038e+00 6.34983011e-04 2.51988692e-02
2.02164877e+00 6.35146166e-04 2.52021064e-02
2.01467132e+00 6.39321863e-04 2.52848149e-02
2.00771795e+00 6.41283014e-04 2.53235664e-02
2.00078859e+00 6.40958743e-04 2.53171630e-02
1.99388313e+00 6.39959070e-04 2.52974123e-02
1.98700151e+00 6.38337756e-04 2.52653469e-02
1.98014365e+00 6.40501564e-04 2.53081324e-02
1.97330945e+00 6.40338133e-04 2.53049033e-02
1.96649884e+00 6.34625043e-04 2.51917654e-02
1.95971173e+00 6.35934940e-04 2.52177505e-02
1.95294805e+00 6.36170152e-04 2.52224137e-02
1.94620771e+00 6.38327063e-04 2.52651353e-02
1.93949064e+00 6.38452149e-04 2.52676107e-02
1.93279675e+00 6.39383017e-04 2.52860241e-02
1.92612596e+00 6.35555167e-04 2.52102195e-02
1.91947820e+00 6.39091184e-04 2.52802528e-02
1.91285338e+00 6.37364579e-04 2.52460805e-02
1.90625142e+00 6.35989679e-04 2.52188358e-02
1.89967225e+00 6.37772905e-04 2.52541661e-02
1.89311579e+00 6.40022767e-04 2.52986712e-02
1.88658195e+00 6.40754160e-04 2.53131223e-02
1.88007067e+00 6.41149343e-04 2.53209270e-02
1.87358186e+00 6.40161772e-04 2.53014184e-02
1.86711544e+00 6.41119479e-04 2.53203373e-02
1.86067135e+00 6.44949739e-04 2.53958607e-02
1.85424949e+00 6.42472674e-04 2.53470447e-02
1.84784980e+00 6.42980073e-04 2.53570517e-02
1.84147219e+00 6.42844999e-04 2.53543882e-02
1.83511660e+00 6.43333572e-04 2.53640212e-02
1.82878294e+00 6.35677010e-04 2.52126359e-02
1.82247114e+00 6.40639391e-04 2.53108552e-02
1.81618113e+00 6.37399261e-04 2.52467673e-02
1.80991283e+00 6.39812765e-04 2.52945205e-02
1.80366616e+00 6.40084532e-04 2.52998919e-02
1.79744104e+00 6.41504730e-04 2.53279437e-02
1.79123742e+00 6.38926583e-04 2.52769971e-02
1.78505520e+00 6.39326767e-04 2.52849118e-02
1.77889433e+00 6.38827986e-04 2.52750467e-02
1.77275471e+00 6.39100499e-04 2.52804371e-02
1.76663629e+00 6.37344539e-04 2.52456836e-02
1.76053898e+00 6.36338432e-04 2.52257494e-02
1.75446272e+00 6.35781531e-04 2.52147086e-02
1.74840743e+00 6.35457893e-04 2.52082902e-02
1.74237303e+00 6.34684648e-04 2.51929484e-02
1.73635947e+00 6.36084127e-04 2.52207083e-02
1.73036666e+00 6.36982331e-04 2.52385089e-02
1.72439453e+00 6.35078800e-04 2.52007698e-02
1.71844301e+00 6.32356861e-04 2.51467068e-02
1.71251204e+00 6.34745511e-04 2.51941563e-02
1.70660154e+00 6.31912129e-04 2.51378625e-02
1.70071143e+00 6.34450517e-04 2.51883012e-02
1.69484165e+00 6.33050604e-04 2.51604969e-02
1.68899214e+00 6.32441059e-04 2.51483808e-02
1.68316281e+00 6.31124025e-04 2.51221819e-02
1.67735360e+00 6.33491806e-04 2.51692631e-02
1.67156444e+00 6.36384736e-04 2.52266672e-02
1.66579526e+00 6.34279850e-04 2.51849131e-02
1.66004599e+00 6.29970866e-04 2.50992204e-02
1.65431657e+00 6.28676138e-04 2.50734150e-02
1.64860691e+00 6.28798677e-04 2.50758585e-02
1.64291697e+00 6.30030364e-04 2.51004056e-02
1.63724666e+00 6.31502543e-04 2.51297143e-02
1.63159593e+00 6.30435919e-04 2.51084830e-02
1.62596469e+00 6.32167655e-04 2.51429444e-02
1.62035290e+00 6.32182186e-04 2.51432334e-02
1.61476047e+00 6.30090629e-04 2.51016061e-02
1.60918734e+00 6.27180975e-04 2.50435815e-02
1.60363344e+00 6.27225089e-04 2.50444622e-02
1.59809872e+00 6.24034235e-04 2.49806772e-02
1.59258310e+00 6.22714357e-04 2.49542453e-02
1.58708651e+00 6.24733154e-04 2.49946625e-02
1.58160890e+00 6.24376153e-04 2.49875200e-02
1.57615019e+00 6.22153395e-04 2.49430029e-02
1.57071032e+00 6.23566997e-04 2.49713235e-02
1.56528922e+00 6.29427555e-04 2.50883948e-02
1.55988684e+00 6.29629257e-04 2.50924143e-02
1.55450310e+00 6.30881048e-04 2.51173456e-02
1.54913794e+00 6.33370405e-04 2.51668513e-02
1.54379130e+00 6.32990591e-04 2.51593043e-02
1.53846311e+00 6.34985877e-04 2.51989261e-02
1.53315331e+00 6.35369635e-04 2.52065395e-02
1.52786184e+00 6.33073712e-04 2.51609561e-02
1.52258863e+00 6.36325911e-04 2.52255012e-02
1.51733362e+00 6.35726047e-04 2.52136084e-02
1.51209675e+00 6.38605533e-04 2.52706457e-02
1.50687795e+00 6.35923948e-04 2.52175325e-02
1.50167716e+00 6.43202059e-04 2.53614286e-02
1.49649433e+00 6.41441924e-04 2.53267038e-02
1.49132938e+00 6.39326452e-04 2.52849056e-02
1.48618226e+00 6.42173195e-04 2.53411364e-02
1.48105290e+00 6.41783949e-04 2.53334551e-02
1.47594124e+00 6.43229910e-04 2.53619777e-02
1.47084723e+00 6.43335488e-04 2.53640590e-02
1.46577080e+00 6.41873579e-04 2.53352241e-02
1.46071189e+00 6.42480430e-04 2.53471977e-02
1.45567044e+00 6.45214167e-04 2.54010663e-02
1.45064639e+00 6.46112854e-04 2.54187500e-02
1.44563968e+00 6.46307309e-04 2.54225748e-02
1.44065025e+00 6.43362803e-04 2.53645974e-02
1.43567804e+00 6.45727544e-04 2.54111697e-02
1.43072299e+00 6.45934639e-04 2.54152442e-02
1.42578504e+00 6.46588379e-04 2.54281021e-02
1.42086414e+00 6.47635711e-04 2.54486878e-02
1.41596022e+00 6.44753927e-04 2.53920052e-02
1.41107322e+00 6.44755799e-04 2.53920420e-02
1.40620309e+00 6.46133191e-04 2.54191501e-02
1.40134977e+00 6.45499358e-04 2.54066794e-02
1.39651320e+00 6.44338121e-04 2.53838161e-02
1.39169332e+00 6.44112085e-04 2.53793634e-02
1.38689008e+00 6.44273945e-04 2.53825520e-02
1.38210342e+00 6.43821807e-04 2.53736439e-02
1.37733327e+00 6.44261922e-04 2.53823151e-02
1.37257959e+00 6.46043976e-04 2.54173951e-02
1.36784232e+00 6.45891725e-04 2.54144000e-02
1.36312140e+00 6.44299152e-04 2.53830485e-02
1.35841677e+00 6.43401991e-04 2.53653699e-02
1.35372837e+00 6.41347700e-04 2.53248435e-02
1.34905616e+00 6.39774492e-04 2.52937639e-02
1.34440008e+00 6.40689617e-04 2.53118474e-02
1.33976006e+00 6.36083962e-04 2.52207050e-02
1.33513606e+00 6.37915911e-04 2.52569973e-02
1.33052802e+00 6.28794076e-04 2.50757667e-02
1.32593588e+00 6.19980106e-04 2.48993997e-02
1.32135959e+00 6.16513372e-04 2.48296873e-02
1.31679910e+00 6.14922802e-04 2.47976370e-02
1.31225434e+00 6.13786819e-04 2.47747214e-02
1.30772527e+00 6.09445098e-04 2.46869418e-02
1.30321183e+00 6.12469497e-04 2.47481211e-02
1.29871397e+00 6.08870145e-04 2.46752942e-02
1.29423164e+00 6.03070182e-04 2.45574873e-02
1.28976477e+00 6.02410585e-04 2.45440540e-02
1.28531332e+00 6.01884799e-04 2.45333406e-02
1.28087724e+00 6.02413559e-04 2.45441146e-02
1.27645646e+00 5.98223015e-04 2.44585980e-02
1.27205094e+00 6.02513849e-04 2.45461575e-02
1.26766063e+00 6.01388576e-04 2.45232252e-02
1.26328547e+00 6.00133520e-04 2.44976227e-02
1.25892541e+00 5.93646514e-04 2.43648623e-02
1.25458040e+00 5.97939123e-04 2.44527938e-02
1.25025039e+00 5.99778240e-04 2.44903704e-02
1.24593531e+00 6.01256602e-04 2.45205343e-02
1.24163514e+00 6.03940418e-04 2.45751993e-02
1.23734980e+00 6.06788011e-04 2.46330674e-02
1.23307925e+00 6.04970671e-04 2.45961516e-02
1.22882345e+00 6.08038447e-04 2.46584356e-02
1.22458233e+00 6.08781078e-04 2.46734894e-02
1.22035585e+00 6.09701686e-04 2.46921381e-02
1.21614395e+00 6.12853288e-04 2.47558738e-02
1.21194660e+00 6.14945971e-04 2.47981042e-02
1.20776373e+00 6.14921833e-04 2.47976175e-02
1.20359529e+00 6.20596385e-04 2.49117720e-02
1.19944125e+00 6.18683450e-04 2.48733482e-02
1.19530154e+00 6.22666538e-04 2.49532871e-02
1.19117611e+00 6.23758043e-04 2.49751485e-02
1.18706493e+00 6.26925897e-04 2.50384883e-02
1.18296793e+00 6.26551784e-04 2.50310164e-02
1.17888508e+00 6.28354173e-04 2.50669937e-02
1.17481632e+00 6.35552602e-04 2.52101686e-02
1.17076160e+00 6.28407610e-04 2.50680596e-02
1.16672087e+00 6.30756313e-04 2.51148624e-02
1.16269409e+00 6.30125944e-04 2.51023095e-02
1.15868121e+00 6.31842515e-04 2.51364778e-02
1.15468218e+00 6.30349334e-04 2.51067587e-02
1.15069695e+00 6.28236945e-04 2.50646553e-02
1.14672547e+00 6.26429288e-04 2.50285694e-02
1.14276770e+00 6.30055665e-04 2.51009097e-02
1.13882359e+00 6.24402555e-04 2.49880482e-02
1.13489310e+00 6.33459673e-04 2.51686248e-02
1.13097617e+00 6.27647845e-04 2.50529009e-02
1.12707276e+00 6.22562132e-04 2.49511950e-02
1.12318282e+00 6.25423879e-04 2.50084762e-02
1.11930630e+00 6.25773751e-04 2.50154702e-02
1.11544317e+00 6.20491835e-04 2.49096735e-02
1.11159337e+00 6.23498702e-04 2.49699560e-02
1.10775685e+00 6.18983390e-04 2.48793768e-02
1.10393358e+00 6.12595161e-04 2.47506598e-02
1.10012350e+00 6.14733516e-04 2.47938201e-02
1.09632657e+00 6.14719474e-04 2.47935369e-02
1.09254275e+00 6.12151833e-04 2.47417023e-02
1.08877198e+00 5.98688996e-04 2.44681220e-02
1.08501423e+00 5.90418596e-04 2.42985307e-02
1.08126945e+00 5.84002074e-04 2.41661349e-02
1.07753760e+00 5.83927516e-04 2.41645922e-02
1.07381862e+00 5.82402145e-04 2.41330095e-02
1.07011248e+00 5.80486425e-04 2.40932859e-02
1.06641913e+00 5.81680831e-04 2.41180603e-02
1.06273853e+00 5.79716657e-04 2.40773059e-02
1.05907063e+00 5.84752947e-04 2.41816655e-02
1.05541539e+00 5.80704467e-04 2.40978104e-02
1.05177277e+00 5.82683500e-04 2.41388380e-02
1.04814272e+00 5.86055726e-04 2.42085879e-02
1.04452519e+00 5.85917643e-04 2.42057357e-02
1.04092015e+00 5.87136251e-04 2.42308945e-02
1.03732756e+00 5.87044964e-04 2.42290108e-02
1.03374736e+00 5.90282391e-04 2.42957278e-02
1.03017952e+00 5.92174057e-04 2.43346267e-02
1.02662400e+00 5.96715120e-04 2.44277531e-02
1.02308074e+00 5.99119130e-04 2.44769101e-02
1.01954972e+00 6.00623956e-04 2.45076306e-02
1.01603088e+00 5.97983589e-04 2.44537030e-02
1.01252418e+00 6.00955502e-04 2.45143938e-02
1.00902959e+00 6.04603867e-04 2.45886939e-02
1.00554706e+00 6.07425854e-04 2.46460109e-02
1.00207655e+00 6.06853283e-04 2.46343923e-02
9.98618022e-01 6.09395601e-04 2.46859393e-02
9.95171426e-01 6.13255465e-04 2.47639953e-02
9.91736726e-01 6.14924689e-04 2.47976751e-02
9.88313880e-01 6.11219169e-04 2.47228471e-02
9.84902848e-01 6.18288664e-04 2.48654110e-02
9.81503589e-01 6.17258461e-04 2.48446868e-02
9.78116061e-01 6.16790223e-04 2.48352617e-02
9.74740226e-01 6.13339695e-04 2.47656959e-02
9.71376041e-01 6.17200111e-04 2.48435124e-02
9.68023467e-01 6.15318752e-04 2.48056194e-02
9.64682465e-01 6.17910694e-04 2.48578095e-02
9.61352993e-01 6.17328510e-04 2.48460965e-02
9.58035013e-01 6.21276326e-04 2.49254153e-02
9.54728484e-01 6.15658605e-04 2.48124688e-02
9.51433367e-01 6.16906084e-04 2.48375942e-02
9.48149623e-01 6.14380454e-04 2.47866991e-02
9.44877213e-01 6.17552128e-04 2.48505961e-02
9.41616096e-01 6.22076826e-04 2.49414680e-02
9.38366235e-01 6.20906287e-04 2.49179912e-02
9.35127591e-01 6.21863547e-04 2.49371920e-02
9.31900124e-01 6.20105202e-04 2.49019116e-02
9.28683796e-01 6.23870286e-04 2.49773955e-02
9.25478569e-01 6.03562884e-04 2.45675169e-02
9.22284404e-01 5.92397514e-04 2.43392176e-02
9.19101264e-01 6.01293824e-04 2.45212933e-02
9.15929110e-01 6.02075016e-04 2.45372170e-02
9.12767904e-01 5.94994485e-04 2.43925088e-02
9.09617608e-01 5.89300663e-04 2.42755157e-02
9.06478186e-01 5.94739100e-04 2.43872733e-02
9.03349598e-01 5.94428200e-04 2.43808983e-02
9.00231809e-01 6.02228549e-04 2.45403453e-02
8.97124780e-01 5.93255296e-04 2.43568326e-02
8.94028475e-01 5.94877550e-04 2.43901117e-02
8.90942856e-01 5.97372242e-04 2.44411997e-02
8.87867887e-01 5.87782923e-04 2.42442348e-02
8.84803530e-01 5.79699992e-04 2.40769598e-02
8.81749750e-01 5.76623209e-04 2.40129800e-02
8.78706510e-01 5.73693259e-04 2.39518947e-02
8.75673773e-01 5.76183551e-04 2.40038237e-02
8.72651503e-01 5.76099566e-04 2.40020742e-02
8.69639664e-01 5.77400825e-04 2.40291661e-02
8.66638219e-01 5.78981806e-04 2.40620408e-02
8.63647134e-01 5.78625745e-04 2.40546408e-02
8.60666373e-01 5.77240112e-04 2.40258218e-02
8.57695899e-01 5.76449323e-04 2.40093591e-02
8.54735677e-01 5.81373245e-04 2.41116828e-02
8.51785672e-01 5.79223923e-04 2.40670713e-02
8.48845848e-01 5.84494575e-04 2.41763226e-02
8.45916171e-01 5.86890957e-04 2.42258324e-02
8.42996605e-01 5.85869305e-04 2.42047372e-02
8.40087116e-01 5.84502165e-04 2.41764796e-02
8.37187669e-01 5.91590839e-04 2.43226405e-02
8.34298228e-01 5.88944894e-04 2.42681869e-02
8.31418760e-01 5.84535691e-04 2.41771729e-02
8.28549231e-01 5.85171976e-04 2.41903281e-02
8.25689604e-01 5.80204904e-04 2.40874429e-02
8.22839848e-01 5.85633970e-04 2.41998754e-02
8.19999927e-01 5.81846226e-04 2.41214889e-02
8.17169808e-01 5.86044558e-04 2.42083572e-02
8.14349456e-01 5.84432097e-04 2.41750304e-02
8.11538839e-01 5.91036428e-04 2.43112408e-02
8.08737922e-01 5.78388271e-04 2.40497042e-02
8.05946672e-01 5.71991492e-04 2.39163436e-02
8.03165056e-01 5.65851140e-04 2.37876258e-02
8.00393040e-01 5.66349305e-04 2.37980946e-02
7.97630591e-01 5.64363213e-04 2.37563300e-02
7.94877676e-01 5.56314432e-04 2.35863187e-02
7.92134263e-01 5.60041673e-04 2.36651996e-02
7.89400319e-01 5.58354160e-04 2.36295188e-02
7.86675810e-01 5.58037757e-04 2.36228228e-02
7.83960704e-01 5.58703820e-04 2.36369165e-02
7.81254969e-01 5.53542921e-04 2.35274929e-02
7.78558573e-01 5.56027098e-04 2.35802268e-02
7.75871483e-01 5.51573338e-04 2.34855985e-02
7.73193667e-01 5.53167114e-04 2.35195050e-02
7.70525093e-01 5.51435305e-04 2.34826597e-02
7.67865730e-01 5.54713481e-04 2.35523562e-02
7.65215545e-01 5.60052589e-04 2.36654303e-02
7.62574506e-01 5.62465465e-04 2.37163544e-02
7.59942583e-01 5.62334736e-04 2.37135981e-02
7.57319744e-01 5.67186394e-04 2.38156754e-02
7.54705957e-01 5.69546367e-04 2.38651706e-02
7.52101191e-01 5.74376452e-04 2.39661522e-02
7.49505415e-01 5.74703044e-04 2.39729649e-02
7.46918598e-01 5.72834415e-04 2.39339594e-02
7.44340709e-01 5.72968136e-04 2.39367528e-02
7.41771717e-01 5.74416735e-04 2.39669926e-02
7.39211592e-01 5.73111465e-04 2.39397465e-02
7.36660303e-01 5.79050962e-04 2.40634778e-02
7.34117819e-01 5.76747522e-04 2.40155683e-02
7.31584110e-01 5.79884474e-04 2.40807906e-02
7.29059146e-01 5.77496791e-04 2.40311629e-02
7.26542897e-01 5.81794296e-04 2.41204124e-02
7.24035332e-01 5.82144029e-04 2.41276611e-02
7.21536422e-01 5.87970222e-04 2.42480973e-02
7.19046136e-01 5.79235430e-04 2.40673104e-02
7.16564445e-01 5.91840844e-04 2.43277793e-02
7.14091319e-01 5.66589304e-04 2.38031364e-02
7.11626729e-01 5.65198835e-04 2.37739108e-02
7.09170646e-01 5.62651248e-04 2.37202708e-02
7.06723039e-01 5.58687078e-04 2.36365623e-02
7.04283879e-01 5.63931122e-04 2.37472340e-02
7.01853138e-01 5.55125296e-04 2.35610971e-02
6.99430787e-01 5.53457552e-04 2.35256786e-02
6.97016796e-01 5.55850090e-04 2.35764732e-02
6.94611136e-01 5.60852466e-04 2.36823239e-02
6.92213779e-01 5.65367934e-04 2.37774669e-02
6.89824697e-01 5.40531284e-04 2.32493287e-02
6.87443860e-01 5.39429980e-04 2.32256320e-02
6.85071240e-01 5.38601090e-04 2.32077808e-02
6.82706809e-01 5.38274232e-04 2.32007377e-02
6.80350538e-01 5.41194941e-04 2.32635969e-02
6.78002400e-01 5.41164298e-04 2.32629383e-02
6.75662366e-01 5.40188527e-04 2.32419562e-02
6.73330408e-01 5.41948711e-04 2.32797919e-02
6.71006499e-01 5.41435650e-04 2.32687698e-02
6.68690611e-01 5.44840142e-04 2.33418110e-02
6.66382715e-01 5.42158261e-04 2.32842922e-02
6.64082785e-01 5.46056985e-04 2.33678622e-02
6.61790793e-01 5.49762498e-04 2.34470147e-02
6.59506711e-01 5.51055461e-04 2.34745705e-02
6.57230512e-01 5.50151689e-04 2.34553126e-02
6.54962170e-01 5.52066087e-04 2.34960866e-02
6.52701656e-01 5.52821747e-04 2.35121617e-02
6.50448944e-01 5.50459110e-04 2.34618650e-02
6.48204007e-01 5.58899626e-04 2.36410580e-02
6.45966819e-01 5.59088835e-04 2.36450594e-02
6.43737351e-01 5.43806923e-04 2.33196682e-02
6.41515579e-01 5.40483349e-04 2.32482978e-02
6.39301474e-01 5.41111794e-04 2.32618098e-02
6.37095011e-01 5.40207369e-04 2.32423615e-02
6.34896163e-01 5.39107595e-04 2.32186906e-02
6.32704905e-01 5.38767458e-04 2.32113648e-02
6.30521209e-01 5.37139113e-04 2.31762619e-02
6.28345050e-01 5.37048035e-04 2.31742969e-02
6.26176402e-01 5.40025132e-04 2.32384408e-02
6.24015238e-01 5.37340403e-04 2.31806040e-02
6.21861534e-01 5.37820912e-04 2.31909662e-02
6.19715262e-01 5.36210759e-04 2.31562251e-02
6.17576399e-01 5.37531909e-04 2.31847344e-02
6.15444917e-01 5.37258996e-04 2.31788480e-02
6.13320792e-01 5.37937401e-04 2.31934776e-02
6.11203998e-01 5.40385739e-04 2.32461984e-02
6.09094509e-01 5.42666944e-04 2.32952129e-02
6.06992302e-01 5.47065015e-04 2.33894210e-02
6.04897350e-01 5.46324222e-04 2.33735796e-02
6.02809628e-01 5.47205086e-04 2.33924151e-02
6.00729112e-01 5.53785386e-04 2.35326451e-02
5.98655776e-01 5.55654951e-04 2.35723344e-02
5.96589596e-01 5.54498000e-04 2.35477812e-02
5.94530548e-01 5.55900525e-04 2.35775428e-02
5.92478606e-01 5.53985000e-04 2.35368860e-02
5.90433746e-01 5.61336859e-04 2.36925486e-02
5.88395943e-01 5.55646820e-04 2.35721620e-02
5.86365174e-01 5.45123308e-04 2.33478759e-02
5.84341413e-01 5.38836496e-04 2.32128520e-02
5.82324638e-01 5.39880094e-04 2.32353200e-02
5.80314823e-01 5.40433475e-04 2.32472251e-02
5.78311944e-01 5.35950881e-04 2.31506130e-02
5.76315978e-01 5.36341624e-04 2.31590506e-02
5.74326902e-01 5.34969819e-04 2.31294146e-02
5.72344690e-01 5.37630899e-04 2.31868691e-02
5.70369319e-01 5.33242153e-04 2.30920366e-02
5.68400766e-01 5.38947872e-04 2.32152508e-02
5.66439007e-01 5.29807156e-04 2.30175402e-02
5.64484020e-01 5.28102904e-04 2.29804896e-02
5.62535779e-01 5.28004249e-04 2.29783430e-02
5.60594263e-01 5.30003689e-04 2.30218090e-02
5.58659447e-01 5.30397230e-04 2.30303545e-02
5.56731309e-01 5.30606109e-04 2.30348890e-02
5.54809826e-01 5.32117204e-04 2.30676658e-02
5.52894975e-01 5.31085658e-04 2.30452958e-02
5.50986732e-01 5.33324319e-04 2.30938156e-02
5.49085076e-01 5.32683177e-04 2.30799302e-02
5.47189983e-01 5.36894744e-04 2.31709893e-02
5.45301430e-01 5.35011189e-04 2.31303089e-02
5.43419396e-01 5.35835914e-04 2.31481298e-02
5.41543857e-01 5.38306190e-04 2.32014265e-02
5.39674791e-01 5.32656613e-04 2.30793547e-02
5.37812176e-01 5.31776451e-04 2.30602786e-02
5.35955990e-01 5.29233525e-04 2.30050761e-02
5.34106210e-01 5.28208113e-04 2.29827786e-02
5.32262815e-01 5.29440945e-04 2.30095838e-02
5.30425781e-01 5.30419246e-04 2.30308325e-02
5.28595088e-01 5.30357300e-04 2.30294876e-02
5.26770713e-01 5.28994461e-04 2.29998796e-02
5.24952635e-01 5.29239994e-04 2.30052167e-02
5.23140832e-01 5.29943180e-04 2.30204948e-02
5.21335282e-01 5.29577785e-04 2.30125571e-02
5.19535963e-01 5.31260237e-04 2.30490832e-02
5.17742855e-01 5.33430793e-04 2.30961207e-02
5.15955935e-01 5.34163031e-04 2.31119673e-02
5.14175183e-01 5.35155479e-04 2.31334277e-02
5.12400576e-01 5.36078191e-04 2.31533624e-02
5.10632095e-01 5.38028745e-04 2.31954467e-02
5.08869717e-01 5.34985463e-04 2.31297528e-02
5.07113422e-01 5.37705336e-04 2.31884742e-02
5.05363188e-01 5.39837300e-04 2.32343991e-02
5.03618995e-01 5.44386936e-04 2.33321010e-02
5.01880822e-01 5.36624060e-04 2.31651475e-02
5.00148648e-01 5.31520273e-04 2.30547234e-02
4.98422452e-01 5.32959287e-04 2.30859110e-02
4.96702214e-01 5.30329514e-04 2.30288843e-02
4.94987914e-01 5.30761336e-04 2.30382581e-02
4.93279529e-01 5.31147811e-04 2.30466443e-02
4.91577042e-01 5.31121753e-04 2.30460789e-02
4.89880430e-01 5.30870764e-04 2.30406329e-02
4.88189673e-01 5.31120543e-04 2.30460527e-02
4.86504752e-01 5.31634297e-04 2.30571962e-02
4.84825647e-01 5.32427731e-04 2.30743956e-02
4.83152336e-01 5.31150191e-04 2.30466959e-02
4.81484801e-01 5.31871597e-04 2.30623415e-02
4.79823021e-01 5.32042403e-04 2.30660444e-02
4.78166977e-01 5.32620002e-04 2.30785615e-02
4.76516648e-01 5.33443807e-04 2.30964025e-02
4.74872015e-01 5.32845180e-04 2.30834395e-02
4.73233058e-01 5.33705462e-04 2.31020662e-02
4.71599758e-01 5.33274473e-04 2.30927364e-02
4.69972095e-01 5.33927032e-04 2.31068611e-02
4.68350050e-01 5.33513155e-04 2.30979037e-02
4.66733603e-01 5.33252891e-04 2.30922691e-02
4.65122734e-01 5.32913451e-04 2.30849183e-02
4.63517426e-01 5.33116016e-04 2.30893052e-02
4.61917658e-01 5.33124304e-04 2.30894847e-02
4.60323411e-01 5.33251492e-04 2.30922388e-02
4.58734667e-01 5.33617245e-04 2.31001568e-02
4.57151406e-01 5.33988603e-04 2.31081934e-02
4.55573610e-01 5.34877748e-04 2.31274242e-02
4.54001259e-01 5.34899697e-04 2.31278987e-02
4.52434335e-01 5.35412135e-04 2.31389744e-02
4.50872819e-01 5.35334603e-04 2.31372990e-02
4.49316692e-01 5.36524873e-04 2.31630066e-02
4.47765936e-01 5.36288941e-04 2.31579131e-02
4.46220532e-01 5.37430335e-04 2.31825438e-02
4.44680462e-01 5.37284889e-04 2.31794066e-02
4.43145707e-01 5.38826190e-04 2.32126300e-02
4.41616249e-01 5.36941275e-04 2.31719933e-02
4.40092070e-01 5.36764961e-04 2.31681886e-02
4.38573152e-01 5.36697680e-04 2.31667365e-02
4.37059476e-01 5.36274610e-04 2.31576037e-02
4.35551024e-01 5.36360889e-04 2.31594665e-02
4.34047778e-01 5.36520093e-04 2.31629034e-02
4.32549721e-01 5.36722807e-04 2.31672788e-02
4.31056834e-01 5.36975231e-04 2.31727260e-02
4.29569099e-01 5.37169641e-04 2.31769204e-02
4.28086499e-01 5.37410433e-04 2.31821145e-02
4.26609016e-01 5.37684957e-04 2.31880348e-02
4.25136633e-01 5.38028622e-04 2.31954440e-02
4.23669331e-01 5.38186775e-04 2.31988529e-02
4.22207093e-01 5.38477446e-04 2.32051168e-02
4.20749903e-01 5.38609509e-04 2.32079622e-02
4.19297741e-01 5.38754231e-04 2.32110799e-02
4.17850591e-01 5.38913191e-04 2.32145039e-02
4.16408436e-01 5.39166200e-04 2.32199526e-02
4.14971259e-01 5.39279282e-04 2.32223875e-02
4.13539041e-01 5.39413667e-04 2.32252808e-02
4.12111767e-01 5.39620977e-04 2.32297434e-02
4.10689419e-01 5.39837447e-04 2.32344022e-02
4.09271979e-01 5.40046186e-04 2.32388938e-02
4.07859432e-01 5.40281440e-04 2.32439549e-02
4.06451761e-01 5.40600113e-04 2.32508089e-02
4.05048947e-01 5.40831101e-04 2.32557757e-02
4.03650975e-01 5.40976453e-04 2.32589005e-02
4.02257828e-01 5.41392461e-04 2.32678418e-02
4.00869489e-01 5.41764522e-04 2.32758356e-02
3.99485942e-01 5.41963813e-04 2.32801163e-02
3.98107171e-01 5.42184266e-04 2.32848506e-02
